Channel_Number,Channel,Trial,0,1,2,3,4,5,6,7,8,9,10,11,12,13,14,15,16,17,18,19,20,21,22,23,24,25,26,27,28,29,30,31,32,33,34,35,36,37,38,39,40,41,42,43,44,45,46,47,48,49,50,51,52,53,54,55,56,57,58,59,60,61,62,63,64,65,66,67,68,69,70,71,72,73,74,75,76,77,78,79,80,81,82,83,84,85,86,87,88,89,90,91,92,93,94,95,96,97,98,99,100,101,102,103,104,105,106,107,108,109,110,111,112,113,114,115,116,117,118,119,120,121,122,123,124,125,126,127,128,129,130,131,132,133,134,135,136,137,138,139,140,141,142,143,144,145,146,147,148,149,150,151,152,153,154,155,156,157,158,159,160,161,162,163,164,165,166,167,168,169,170,171,172,173,174,175,176,177,178,179,180,181,182,183,184,185,186,187,188,189,190,191,192,193,194,195,196,197,198,199,200,201,202,203,204,205,206,207,208,209,210,211,212,213,214,215,216,217,218,219,220,221,222,223,224,225,226,227,228,229,230,231,232,233,234,235,236,237,238,239,240,241,242,243,244,245,246,247,248,249,250,251,252,253,254,255
0,FP1,14,18.280,107.635,78.339,-38.361,-100.372,-40.314,54.901,54.901,-40.802,-101.349,-37.872,76.385,99.823,0.702,-95.001,-60.333,67.108,131.561,53.925,-72.540,-100.861,-11.993,67.108,30.975,-67.657,-92.072,-4.669,82.245,52.460,-61.310,-109.650,-18.829,110.565,128.632,19.745,-76.935,-43.732,71.014,114.960,28.534,-82.306,-86.212,8.026,69.550,14.862,-78.888,-76.935,33.417,124.725,88.104,-26.154,-73.517,4.120,101.776,88.104,-24.689,-99.396,-52.521,46.600,61.737,-28.595,-100.861,-53.986,59.296,94.940,4.120,-99.396,-77.911,52.948,138.397,79.315,-48.126,-87.677,0.702,96.405,72.479,-41.290,-100.861,-36.896,59.296,58.807,-39.337,-100.861,-33.478,89.569,120.819,26.093,-72.540,-51.056,60.760,115.936,40.741,-74.493,-92.072,-2.716,68.085,25.116,-73.517,-91.095,3.632,92.010,58.319,-57.892,-106.720,-16.388,111.053,123.260,7.050,-96.954,-72.540,32.440,74.921,0.214,-88.654,-70.099,31.952,82.245,10.956,-92.072,-86.212,35.858,133.026,92.987,-29.083,-79.376,0.214,102.753,92.499,-21.759,-100.372,-53.497,45.135,61.737,-25.665,-95.978,-43.732,77.362,122.284,38.300,-66.193,-59.357,49.042,117.401,54.413,-64.240,-95.490,-11.505,69.550,38.788,-63.751,-98.419,-14.435,80.780,61.737,-52.032,-114.532,-34.943,101.776,136.444,32.928,-73.029,-54.962,58.807,118.378,43.182,-74.005,-93.048,-3.204,68.573,26.093,-70.099,-84.259,18.768,119.354,97.382,-14.923,-74.005,-8.087,94.452,95.917,-11.505,-96.954,-60.822,38.788,65.643,-16.388,-97.443,-60.822,55.389,106.659,27.069,-82.794,-81.329,36.835,130.585,86.151,-35.431,-79.376,6.561,109.100,94.452,-24.689,-103.790,-53.986,48.065,63.690,-26.154,-96.466,-43.732,80.292,128.143,44.159,-60.822,-55.450,48.065,113.007,50.018,-66.193,-94.513,-10.040,67.108,32.928,-67.169,-97.443,-11.017,84.198,61.249,-55.450,-115.021,-32.501,104.218,136.444,30.975,-77.423,-57.404,56.854,113.495,38.788,-75.470,-91.095,0.702,70.038,23.651,-74.005,-86.212,15.350,112.518,85.175,-29.083,-83.282,-7.599,100.311,102.264,-8.575,-98.419,-63.751
1,FP2,14,-9.186,-4.791,0.580,4.486,4.974,1.556,-3.326,-8.209,-9.186,-6.744,-1.862,2.045,3.510,3.510,2.045,0.092,-1.373,-2.350,-4.303,-6.744,-11.139,-16.510,-20.416,-19.928,-14.557,-6.744,-0.397,3.998,6.439,9.857,14.740,18.646,20.599,19.623,17.670,14.740,11.322,6.439,2.533,0.580,0.092,0.580,0.092,-1.373,-2.838,-1.862,0.092,1.556,1.068,0.092,-0.397,-0.397,-0.885,-2.838,-5.280,-5.768,-2.838,1.556,5.951,7.416,6.927,5.463,4.486,5.463,7.904,11.322,13.275,13.275,9.857,6.439,5.463,6.439,6.927,4.974,0.580,-3.326,-3.326,0.092,4.486,6.439,6.439,5.951,6.927,8.881,11.322,12.299,11.810,9.369,5.463,2.045,1.068,3.510,8.392,10.834,9.857,5.951,3.510,6.927,13.763,19.623,21.088,17.670,12.787,8.881,7.904,7.416,7.904,7.904,8.392,8.392,6.439,2.533,-1.373,-3.326,-2.350,0.580,3.998,6.927,8.392,9.857,9.857,9.857,9.369,8.881,7.904,6.439,3.998,2.533,3.021,4.974,5.951,5.463,3.510,0.580,-0.397,0.092,2.533,5.463,9.857,13.763,15.228,12.787,7.904,3.510,1.556,1.068,0.092,-0.885,-1.373,0.092,3.021,4.974,5.463,4.974,4.974,4.974,3.998,1.556,-0.885,-0.397,2.045,4.486,3.510,0.092,-3.326,-3.326,-0.885,1.556,2.533,3.021,4.974,8.881,12.299,12.787,9.857,5.463,3.510,3.998,6.927,10.345,13.275,13.275,9.857,5.951,3.510,4.974,10.345,16.205,18.646,18.158,16.693,16.205,15.717,14.252,11.810,10.834,12.787,18.158,21.576,20.599,17.181,14.740,16.205,19.135,19.135,16.205,11.810,10.345,12.787,15.717,16.693,14.740,10.834,7.904,7.416,8.392,8.881,7.904,5.951,4.974,5.951,10.345,15.228,17.670,16.693,12.787,11.322,13.275,17.181,18.158,12.787,3.510,-5.280,-9.186,-7.721,-3.326,1.068,3.998,5.951,5.951,3.998,1.068,-1.373,-0.885,0.580,2.045,2.533,2.045,3.021,5.463,7.904,9.857,9.857,9.369,8.881,7.904
2,F7,14,-1.668,-3.621,-5.575,-7.528,-7.528,-5.086,-0.203,4.679,6.632,3.703,-1.668,-6.063,-6.551,-3.133,1.261,3.215,1.750,-2.645,-8.016,-11.434,-14.364,-15.340,-14.852,-12.899,-8.993,-4.598,0.285,3.703,6.632,7.121,7.609,8.586,10.539,12.492,12.492,8.586,3.215,-0.203,-0.203,3.215,5.168,4.191,-0.692,-5.086,-6.063,-4.598,-1.668,-0.692,-1.180,-2.157,-2.645,-1.668,-0.203,0.773,1.261,1.261,1.261,2.726,4.191,5.168,4.679,2.726,0.285,-0.692,1.750,5.168,8.586,9.562,8.097,6.144,5.168,6.144,8.097,9.074,8.586,6.632,4.191,2.726,2.726,5.168,8.586,10.539,10.050,8.097,7.121,7.609,9.074,10.050,9.562,8.097,6.632,6.144,6.632,7.121,7.609,8.097,8.586,9.562,9.562,9.074,8.586,7.609,6.144,5.168,4.191,4.679,6.144,7.121,7.609,6.632,4.679,2.726,-0.203,-3.133,-5.575,-6.063,-3.621,-0.692,1.261,0.773,-0.203,-1.180,-0.692,0.285,0.773,0.285,-0.692,-1.180,-1.180,-0.692,-0.203,1.750,4.679,6.144,7.121,4.679,1.750,0.285,0.773,1.750,2.726,2.726,3.215,3.703,4.679,4.191,2.726,-0.203,-2.157,-3.133,-3.133,-2.645,-1.180,0.773,1.750,1.750,-0.203,-2.157,-3.133,-3.133,-3.133,-4.598,-5.575,-5.575,-3.133,-0.203,2.726,3.215,2.238,0.773,1.261,2.726,3.703,4.679,5.168,4.679,4.679,4.679,5.168,6.144,7.609,8.586,9.074,8.586,7.609,6.632,6.632,8.097,11.515,13.957,14.933,12.492,9.074,6.144,5.168,6.144,6.632,6.632,7.121,9.562,12.980,16.398,15.910,12.004,7.609,5.656,7.121,10.539,13.468,13.957,12.004,9.074,6.632,6.144,7.609,9.074,10.539,10.050,8.097,5.656,5.168,6.632,10.050,12.492,13.957,14.445,13.957,13.468,12.492,11.515,9.562,6.632,3.703,1.750,0.285,0.285,2.238,4.679,6.632,7.121,6.144,4.191,2.726,1.261,0.773,1.261,2.726,4.191,4.679,4.191,4.191,6.632,11.027,15.422,16.886,15.422
3,F8,14,-8.392,-5.951,-1.556,2.838,4.303,2.350,-2.533,-6.439,-7.416,-4.486,-0.580,2.350,2.838,0.885,-1.556,-4.486,-6.439,-7.416,-8.881,-10.345,-10.834,-9.857,-7.904,-6.439,-5.951,-7.416,-7.904,-5.463,-1.068,4.791,8.209,9.186,9.674,11.139,13.580,15.045,14.557,11.627,7.233,4.303,2.350,0.885,-0.092,0.397,1.862,3.815,5.280,4.791,2.838,1.373,-0.092,-0.580,-1.068,-2.045,-3.510,-3.510,-1.556,2.350,7.721,12.115,13.092,10.651,6.744,3.815,2.838,3.815,5.280,6.744,8.698,10.651,12.115,11.627,9.186,6.256,3.815,1.862,0.885,0.397,0.397,1.373,2.838,4.303,4.791,5.768,8.209,11.627,14.557,14.557,12.115,8.698,6.744,7.233,9.674,12.604,14.069,14.557,14.069,12.115,10.162,8.209,8.209,10.162,11.627,11.627,9.186,6.256,5.768,7.233,10.651,12.604,12.115,9.674,7.233,5.768,5.768,6.744,8.209,9.186,9.186,8.698,9.674,11.627,13.092,13.580,12.115,10.162,8.209,8.698,9.674,10.651,10.162,9.186,8.209,8.209,9.186,10.162,11.139,11.139,10.162,9.186,8.209,9.186,11.139,12.604,11.139,7.233,2.838,0.397,0.885,3.326,5.768,6.744,6.744,7.721,9.186,9.186,7.721,5.768,4.303,4.303,6.744,8.698,9.674,9.674,9.186,8.698,8.209,8.209,8.698,9.674,11.139,13.092,14.557,14.557,14.069,12.604,12.115,12.115,12.604,12.115,10.651,8.209,7.233,7.721,9.674,12.115,14.069,15.045,16.998,18.463,18.951,16.998,13.580,10.651,9.674,10.651,12.604,13.580,13.092,13.092,14.557,16.510,17.487,16.022,12.604,9.674,8.209,9.186,12.115,13.580,13.092,9.674,5.768,3.326,2.838,3.326,4.303,5.280,6.256,8.698,13.580,17.975,19.928,18.463,15.045,12.604,12.115,12.115,11.139,8.698,6.256,5.768,6.256,7.233,6.744,5.768,5.768,7.233,9.674,11.627,11.627,9.674,6.744,3.815,3.326,4.791,6.744,7.233,7.233,6.744,8.698,13.580,17.975,18.951,16.022,11.139
4,AF1,14,-3.723,-2.258,-1.282,-0.793,0.183,1.160,2.625,3.601,3.113,0.671,-1.770,-3.235,-4.211,-3.723,-3.723,-4.211,-4.700,-5.676,-6.653,-8.606,-11.047,-12.512,-12.512,-10.071,-7.141,-4.211,-1.282,1.160,4.089,6.531,8.972,11.414,13.367,14.832,13.855,10.437,6.531,3.601,2.625,3.601,4.089,3.113,0.671,-2.258,-3.723,-4.211,-3.723,-3.235,-2.747,-2.258,-1.282,-0.793,-0.305,-1.282,-2.747,-4.211,-3.723,-1.282,2.136,5.554,7.996,7.996,6.531,4.089,3.113,2.625,3.113,4.578,5.554,6.042,5.554,4.089,2.625,1.160,0.671,0.183,-0.793,-1.282,-0.793,0.671,3.113,5.554,6.531,6.042,4.089,2.625,2.136,1.648,1.648,0.671,0.183,0.671,1.648,3.113,4.089,4.578,4.578,4.089,4.089,5.066,6.531,7.996,7.996,7.019,5.066,4.089,3.601,4.089,3.601,2.625,1.648,0.183,-1.282,-2.747,-4.211,-4.211,-3.723,-1.282,0.183,1.648,1.160,0.183,-0.793,-1.770,-2.747,-3.235,-3.723,-3.235,-2.747,-2.258,-1.282,-0.793,-0.305,0.671,0.671,0.671,0.183,-0.305,-0.305,-0.305,-0.793,-1.282,-1.282,-0.793,0.183,0.183,-0.793,-1.770,-3.235,-4.211,-5.188,-5.676,-4.700,-3.235,-2.258,-2.258,-3.723,-5.188,-6.165,-6.165,-5.676,-5.676,-5.676,-5.676,-5.676,-5.188,-5.188,-5.188,-4.700,-3.723,-2.258,0.183,2.136,3.601,3.113,1.648,-0.305,-1.770,-0.793,1.648,4.089,5.554,5.554,4.578,4.089,4.578,5.066,6.042,7.019,7.996,9.460,10.437,10.437,9.460,8.972,8.972,10.437,11.414,11.414,10.925,10.925,10.925,10.925,10.437,8.484,6.531,5.554,6.042,7.996,9.949,9.460,7.507,3.601,0.183,-1.282,-0.305,2.136,4.578,5.066,4.089,3.113,2.625,3.601,5.066,6.531,7.996,9.460,9.460,8.972,6.531,3.601,0.671,-1.770,-4.700,-6.165,-6.653,-5.188,-3.235,-1.282,0.671,1.160,0.671,-0.305,-2.747,-3.723,-4.700,-3.723,-2.747,-1.282,-0.305,2.136,5.066,8.484,10.437,10.925,8.972
5,AF2,14,-5.880,-3.927,-1.485,0.956,2.421,2.909,2.421,0.468,-1.973,-3.438,-3.927,-2.950,-1.485,-0.997,-1.485,-3.438,-4.903,-5.880,-6.368,-7.345,-8.809,-9.298,-9.298,-7.345,-5.391,-3.927,-2.462,-0.997,1.444,4.862,9.257,12.675,15.116,16.093,15.605,13.163,9.257,6.327,4.374,4.862,4.862,4.374,2.421,-0.509,-2.462,-2.950,-2.950,-2.462,-1.485,-0.509,0.468,0.468,-0.509,-2.462,-4.903,-6.368,-5.391,-1.973,3.398,8.769,11.698,11.210,8.769,5.351,3.398,3.398,4.862,6.327,6.816,7.304,6.816,5.839,3.886,1.444,-0.509,-1.973,-2.462,-2.462,-0.997,0.468,2.909,4.374,4.862,4.374,3.886,3.398,2.909,2.421,1.444,0.468,0.468,0.956,2.909,5.351,7.304,7.792,7.792,5.839,3.886,3.398,4.374,6.816,7.792,7.792,5.839,4.374,3.398,3.886,4.862,5.351,4.862,3.398,1.444,-0.509,-1.973,-2.950,-1.973,-0.020,2.909,4.862,5.351,4.374,2.909,1.933,1.444,0.956,0.468,0.468,0.468,0.468,0.468,0.956,1.933,2.909,3.398,2.909,2.421,1.933,1.444,1.444,0.956,-0.020,-0.020,0.468,1.444,1.444,0.956,-0.509,-2.462,-3.927,-4.415,-3.927,-2.462,-0.509,0.956,-0.020,-2.462,-4.415,-4.903,-3.438,-1.973,-0.997,-0.997,-1.485,-1.973,-1.973,-1.973,-1.973,-1.973,-0.997,0.956,3.886,5.839,7.304,6.327,4.374,1.933,-0.020,-0.020,1.933,4.862,6.816,7.792,6.816,6.327,6.327,6.327,6.816,8.280,9.257,10.722,11.210,10.722,10.234,9.257,9.745,10.722,11.210,11.210,11.210,12.187,12.675,12.675,11.210,8.769,6.327,5.351,5.839,6.816,7.304,6.816,5.351,2.909,1.444,0.468,0.956,2.421,3.398,4.374,4.374,4.862,5.351,5.839,6.327,6.816,7.304,7.304,7.304,6.816,5.839,3.398,1.444,-0.997,-2.950,-3.927,-4.415,-3.438,-1.973,-0.509,0.956,1.933,1.933,1.444,-0.509,-2.462,-4.415,-3.927,-2.950,-0.997,1.444,3.886,6.816,9.745,11.698,12.187,10.234
6,FZ,14,-3.733,-1.780,0.661,2.126,3.103,3.591,3.591,2.614,0.661,-1.292,-3.245,-3.733,-3.245,-3.245,-3.733,-4.710,-5.198,-5.686,-5.198,-4.710,-5.686,-7.151,-7.640,-6.663,-5.198,-3.245,-1.292,0.173,2.126,4.567,6.521,7.985,9.450,9.939,9.939,8.962,7.009,5.544,4.079,4.079,3.591,2.126,0.661,-1.780,-2.757,-3.245,-3.245,-3.245,-2.757,-2.268,-1.780,-1.780,-2.268,-3.245,-4.710,-5.198,-4.222,-2.268,0.661,4.079,6.032,6.032,4.567,3.103,1.638,1.149,1.149,1.638,1.638,1.638,1.638,0.661,-0.315,-2.268,-3.733,-4.222,-4.222,-4.222,-3.733,-2.757,-1.292,0.173,0.661,0.173,-0.804,-1.780,-2.268,-2.757,-2.757,-3.245,-3.245,-2.757,-1.292,-0.315,1.149,1.638,1.149,0.173,-0.804,-0.804,0.173,1.638,2.614,2.614,1.149,0.173,-0.315,0.173,0.661,0.173,-0.804,-1.292,-2.268,-2.757,-3.245,-3.245,-2.757,-1.780,-0.315,0.173,-0.315,-1.292,-1.780,-2.268,-3.245,-4.222,-4.710,-4.710,-4.222,-3.245,-3.245,-2.757,-1.780,-1.780,-1.292,-1.780,-2.268,-2.268,-2.268,-1.780,-2.757,-3.245,-3.245,-2.268,-1.780,-1.780,-2.757,-3.733,-5.198,-6.175,-7.151,-7.151,-6.175,-4.710,-3.733,-3.733,-5.686,-7.151,-7.151,-6.663,-5.198,-4.222,-4.222,-4.222,-4.710,-4.710,-4.710,-4.710,-4.710,-4.222,-2.268,-0.804,0.661,1.149,0.173,-1.292,-2.757,-3.733,-3.245,-0.804,1.149,3.103,3.103,2.126,1.638,0.661,0.661,0.661,1.638,3.103,5.056,5.544,5.544,5.056,4.079,3.591,4.079,4.567,5.056,5.544,6.521,6.521,6.032,4.079,1.638,0.661,0.173,0.661,1.638,1.638,0.661,-0.804,-3.245,-4.710,-5.686,-4.222,-2.757,-0.804,-0.315,-0.804,-1.780,-2.268,-1.780,-1.292,-0.315,0.661,1.638,1.638,1.149,0.173,-1.292,-2.757,-4.222,-5.686,-6.663,-7.151,-6.663,-6.175,-4.710,-4.222,-3.245,-3.245,-3.733,-4.710,-5.686,-6.175,-6.175,-5.198,-3.733,-2.268,-0.804,1.638,4.079,5.544,6.032,5.056
7,F4,14,-7.772,-4.842,-1.424,1.994,4.435,4.435,3.459,1.017,-1.912,-3.377,-3.866,-2.889,-1.912,-1.424,-2.889,-4.842,-6.307,-6.795,-5.819,-5.330,-5.330,-5.819,-5.819,-4.842,-3.377,-2.889,-2.401,-1.912,-0.448,2.482,5.900,8.341,10.295,10.295,9.806,7.853,5.900,4.435,3.947,4.435,4.924,4.435,3.459,1.994,0.529,0.529,0.041,0.041,-0.448,0.041,0.529,0.529,0.041,-2.401,-4.842,-6.795,-6.307,-2.889,1.994,6.877,9.318,8.830,6.388,3.947,2.970,2.970,3.459,3.947,4.435,5.412,5.900,5.412,3.459,1.017,-1.424,-2.889,-3.377,-3.377,-2.401,-1.424,0.041,1.994,2.970,2.970,2.482,1.506,1.017,1.017,1.506,1.506,1.017,1.017,1.994,3.459,5.900,6.877,6.877,4.924,2.970,1.994,2.482,3.947,5.412,4.924,2.970,1.017,0.529,1.017,1.994,2.970,2.970,2.482,1.506,0.529,-0.448,-0.936,-0.448,1.017,3.459,4.435,4.435,4.435,3.459,2.970,2.482,2.482,1.994,1.017,0.529,0.041,0.041,1.017,1.994,2.970,2.970,2.482,2.482,1.994,1.994,0.529,-1.424,-2.401,-1.912,-0.936,0.529,0.529,-0.448,-1.912,-3.377,-3.866,-4.354,-3.866,-2.889,-0.936,0.041,-0.448,-2.401,-3.377,-3.377,-1.424,0.529,2.482,2.482,1.506,0.529,0.529,0.529,0.529,0.529,0.529,1.506,2.970,4.924,6.388,5.900,4.435,2.482,0.529,1.017,2.482,4.924,5.900,5.900,4.924,3.947,3.947,3.947,4.924,5.900,6.877,8.341,8.830,8.341,6.877,5.900,5.900,5.900,5.900,5.900,6.388,7.365,8.341,7.853,6.877,4.924,2.970,1.994,1.994,2.482,2.970,2.970,1.994,0.529,-1.424,-2.401,-2.401,-0.936,0.529,1.994,2.970,3.459,3.947,4.924,5.412,5.412,5.412,4.924,3.947,2.970,1.994,0.529,-0.448,-1.424,-2.889,-3.377,-3.377,-1.912,-0.936,0.529,1.506,2.482,2.482,1.994,0.041,-2.889,-4.354,-4.842,-2.889,-0.448,1.994,3.947,5.412,6.877,7.853,7.853,6.388
8,F3,14,-3.591,-1.638,-1.638,-2.126,-1.638,-0.173,2.268,3.733,3.733,1.292,-0.661,-2.126,-2.126,-1.638,-1.149,-2.614,-4.567,-6.032,-7.009,-7.985,-9.450,-10.915,-10.915,-8.962,-6.032,-2.126,1.292,3.733,4.710,5.198,6.175,7.640,9.104,10.081,9.104,6.663,3.733,1.780,1.780,2.268,2.757,1.780,-0.661,-2.614,-3.103,-2.614,-1.149,-0.661,-1.149,-1.638,-1.638,-1.149,-0.173,-0.173,-0.661,-1.638,-1.638,-0.661,1.292,4.222,5.198,5.686,4.710,3.245,2.757,2.268,2.757,2.268,2.268,2.757,3.245,3.733,3.245,2.268,0.804,-0.661,-1.149,-0.661,-0.173,1.292,3.245,5.686,6.663,5.686,4.222,2.268,0.804,0.315,0.804,0.804,1.292,1.292,1.780,2.268,3.245,3.245,3.245,2.757,2.757,3.245,4.710,5.198,4.710,3.245,1.292,0.315,0.804,2.268,2.268,1.780,-0.173,-2.126,-4.079,-5.056,-6.032,-5.544,-4.079,-2.126,-0.661,-0.661,-1.149,-1.638,-2.126,-2.614,-3.591,-4.567,-5.544,-5.544,-4.567,-3.591,-2.614,-2.126,-2.126,-1.638,-1.149,-1.149,-1.638,-1.638,-1.638,-1.149,-1.638,-1.638,-1.638,-1.638,-1.149,-0.661,-1.149,-1.638,-3.103,-4.567,-6.032,-7.009,-6.521,-5.056,-4.079,-3.591,-4.567,-6.032,-7.009,-6.521,-5.544,-5.056,-4.567,-5.544,-5.056,-4.567,-4.079,-4.079,-3.591,-3.591,-2.614,-1.149,-0.173,0.315,0.315,-0.661,-2.126,-2.614,-1.638,0.315,2.757,4.222,5.198,4.710,3.245,2.268,1.780,2.268,4.222,6.663,8.128,8.128,7.151,5.686,5.198,5.686,6.175,7.151,7.151,8.128,8.616,9.104,8.128,5.686,3.245,1.780,1.780,3.245,4.710,5.198,5.198,3.245,1.292,-0.661,-1.638,-0.661,1.292,2.268,2.757,1.780,-0.173,-0.661,-0.173,2.268,4.710,6.175,6.663,6.175,5.198,3.733,2.268,0.315,-1.638,-3.591,-5.056,-5.544,-5.056,-3.591,-2.126,-0.661,-0.661,-1.149,-2.126,-3.591,-4.567,-4.567,-3.591,-2.614,-1.149,-0.173,1.292,3.245,5.686,7.640,8.128,7.151
9,FC6,14,-8.128,-5.198,-0.804,3.591,6.521,6.032,3.591,0.173,-2.268,-3.245,-2.757,-1.292,0.173,1.149,0.661,-0.315,-2.757,-4.710,-6.175,-6.663,-7.151,-6.175,-5.198,-4.222,-3.733,-3.733,-3.733,-2.757,-0.804,2.614,6.032,8.962,10.915,11.403,10.915,9.450,7.009,5.056,3.591,3.591,4.079,4.079,4.079,3.591,3.103,3.591,4.079,3.591,2.614,1.149,0.173,0.173,0.661,1.149,0.661,-0.804,-1.292,0.661,3.591,7.497,9.450,9.450,7.497,6.521,6.032,6.032,5.544,4.567,4.567,5.056,7.009,8.474,7.985,6.032,3.103,0.173,-0.804,-0.804,0.173,1.149,2.614,4.567,6.032,7.009,7.497,7.009,7.009,7.497,7.985,7.985,7.009,6.032,5.544,6.521,8.962,10.915,11.892,10.915,8.962,7.497,7.497,8.474,8.962,7.985,6.032,3.103,2.614,3.591,6.521,8.474,8.474,7.497,6.032,5.056,4.567,5.056,6.032,7.009,7.497,8.474,8.474,8.474,8.474,8.474,8.474,8.962,8.962,8.962,7.985,7.009,6.521,6.521,6.521,6.521,6.032,5.544,5.544,5.544,5.544,5.056,4.567,4.079,4.079,4.567,4.567,3.591,2.614,1.149,0.661,0.661,0.661,0.661,2.126,3.591,4.567,4.567,3.103,1.638,1.638,3.591,6.521,8.474,8.962,7.985,6.521,5.544,6.032,6.032,6.032,5.544,5.544,6.521,7.985,9.939,10.427,9.450,7.497,5.544,5.056,6.032,7.497,7.985,7.497,6.521,5.544,6.032,7.009,8.962,10.915,11.892,12.380,11.892,10.427,8.962,7.009,6.032,6.032,6.521,7.497,7.985,8.474,8.962,8.474,7.985,7.009,5.544,4.079,4.079,4.567,6.032,7.497,7.497,5.544,2.614,-0.315,-1.780,-0.315,2.614,5.544,7.497,8.962,9.939,10.915,11.403,11.403,10.427,8.962,7.009,6.032,4.567,3.591,2.614,1.638,1.638,1.638,3.103,5.056,6.521,7.009,7.497,8.474,8.474,7.009,4.567,1.638,-0.315,0.661,3.103,6.032,7.497,7.985,7.985,8.474,9.450,9.939,8.474
10,FC5,14,-2.970,-2.482,-2.970,-3.947,-4.435,-2.970,-0.041,3.377,4.842,3.377,0.448,-1.994,-1.994,-1.017,0.936,0.936,-1.017,-3.947,-6.877,-8.830,-9.318,-9.318,-8.341,-6.877,-4.435,-1.506,1.424,2.889,3.377,3.377,2.889,4.354,5.330,5.819,4.354,1.424,-1.506,-1.994,-0.529,1.912,2.889,1.424,-1.506,-3.459,-3.459,-1.994,-0.041,-0.529,-1.506,-2.482,-2.482,-1.506,-0.041,0.936,0.936,0.936,0.936,0.936,1.424,2.889,3.377,2.889,1.424,-0.041,-0.529,-0.041,0.936,1.912,2.401,2.401,2.401,2.889,3.377,3.866,3.866,3.377,2.401,1.424,1.424,2.401,4.354,6.307,7.284,6.795,5.330,3.866,2.889,2.401,2.401,2.401,2.889,2.889,3.377,3.377,3.377,3.377,3.866,4.354,4.354,4.842,5.330,5.819,4.842,2.401,-0.041,-1.017,-0.529,0.936,2.889,2.889,1.424,-1.506,-4.435,-6.388,-6.877,-5.900,-3.459,-1.017,-0.529,-0.529,-1.506,-1.506,-1.506,-1.506,-1.994,-2.482,-2.970,-2.970,-1.994,-1.017,-1.017,-0.529,-1.017,-1.017,-1.017,-0.529,-0.529,-0.041,-0.529,-0.529,-0.529,-0.529,0.448,0.936,1.424,1.424,0.448,-0.529,-1.506,-2.482,-3.947,-5.900,-6.388,-5.412,-3.459,-2.482,-2.482,-3.459,-4.924,-4.435,-3.947,-3.459,-3.459,-3.459,-2.482,-0.529,1.424,1.424,-0.041,-1.506,-1.994,-1.017,0.936,2.401,2.401,0.936,-0.041,-1.017,-0.041,1.912,4.354,5.819,5.819,4.842,3.377,2.401,1.912,2.889,4.354,6.307,7.284,6.307,4.842,3.377,2.889,3.377,3.866,3.866,3.377,3.866,5.819,7.284,7.772,6.307,3.377,1.424,0.936,2.401,4.354,5.819,5.819,4.842,3.377,1.912,0.936,1.424,2.401,3.377,3.866,2.401,1.424,0.448,1.424,3.377,5.819,7.772,8.260,7.284,5.819,4.354,3.866,3.377,2.401,0.936,-1.017,-1.994,-1.506,-0.529,-0.041,-0.041,-0.529,-1.506,-2.482,-2.482,-2.482,-1.506,-0.041,0.448,0.448,-0.041,-0.041,1.424,4.354,6.795,8.260,7.284
11,FC2,14,-3.550,-2.085,-0.132,1.821,3.774,4.262,3.286,2.309,0.356,-1.109,-2.085,-3.062,-3.062,-3.550,-4.038,-4.527,-4.038,-3.062,-2.085,-1.597,-1.597,-2.085,-2.085,-2.085,-1.597,-1.109,-1.109,-0.621,-0.132,1.333,2.309,3.774,4.751,5.239,5.239,4.751,4.262,3.774,3.286,3.286,3.286,2.797,2.309,1.333,0.844,0.356,-0.132,-0.621,-1.109,-1.597,-1.597,-1.597,-1.597,-2.574,-3.550,-3.550,-3.062,-2.085,-0.132,2.309,3.774,4.262,3.774,2.797,2.309,1.821,1.333,1.333,1.333,1.333,1.821,1.333,0.356,-0.621,-2.085,-3.062,-3.550,-3.550,-2.574,-1.597,-0.621,-0.132,0.356,-0.132,-0.621,-1.597,-1.597,-1.109,-0.132,-0.132,-0.132,-0.621,-0.132,0.356,1.333,1.821,1.821,0.844,-0.132,-0.621,-0.132,0.844,1.333,1.333,0.356,-0.621,-1.109,-1.109,-0.132,0.356,0.356,-0.132,-0.132,-0.132,-0.621,-0.621,-0.621,-0.132,0.356,0.844,0.844,0.844,0.844,0.356,0.356,-0.132,-0.621,-1.109,-1.597,-1.109,-1.109,-0.621,-0.621,-0.621,-0.621,-0.621,-1.109,-0.621,-1.109,-1.597,-2.574,-3.062,-3.062,-2.574,-2.574,-2.574,-3.062,-3.550,-4.038,-4.038,-4.527,-4.527,-4.038,-3.062,-2.574,-2.574,-3.062,-4.038,-4.038,-3.062,-1.597,-1.109,-0.621,-0.621,-1.109,-1.109,-1.597,-1.597,-1.597,-1.597,-1.109,-0.132,0.844,0.844,0.844,-0.132,-1.109,-1.597,-1.597,-0.621,0.356,0.844,0.844,-0.132,-0.621,-0.621,-0.132,-0.132,0.844,1.333,2.309,2.797,2.309,1.821,1.333,0.844,0.844,1.333,1.821,1.821,2.309,2.309,1.821,0.844,0.356,-0.621,-0.621,-1.109,-1.109,-1.109,-1.597,-2.085,-3.062,-4.038,-4.527,-4.038,-3.062,-1.597,-1.109,-1.109,-1.109,-1.109,-1.109,-0.621,-0.621,-0.621,-0.132,-0.621,-1.109,-1.597,-2.574,-3.550,-4.038,-4.527,-4.527,-4.038,-3.062,-2.574,-2.085,-2.574,-2.574,-3.062,-3.062,-3.550,-4.038,-4.527,-4.527,-4.038,-2.574,-1.597,-0.621,0.356,0.844,1.333,1.333,1.333
12,FC1,14,-1.322,-0.346,0.142,0.631,1.119,1.607,2.096,2.584,2.096,1.607,0.142,-0.834,-1.811,-1.811,-1.322,-1.811,-1.811,-2.299,-2.787,-2.787,-2.787,-3.276,-2.787,-2.299,-1.322,0.142,1.119,2.584,3.072,3.072,3.560,4.049,5.025,5.025,5.025,4.537,4.049,4.049,4.049,4.049,3.560,2.584,1.607,0.631,0.142,0.142,0.142,0.142,0.142,0.142,0.631,0.142,-0.346,-0.346,-0.834,-0.346,0.142,0.631,1.119,2.096,3.072,3.072,2.096,1.119,0.142,0.142,0.631,0.631,0.631,0.142,0.142,0.142,0.142,-0.346,-0.834,-1.322,-1.811,-1.322,-0.346,0.631,1.119,2.096,2.096,2.096,1.119,0.631,0.142,-0.346,0.142,0.142,0.142,0.142,0.142,1.119,1.607,1.607,1.119,0.142,0.142,0.142,1.607,2.096,2.096,1.119,0.631,0.142,0.631,0.631,0.142,-1.322,-1.811,-2.299,-2.787,-2.787,-2.787,-2.299,-1.322,-0.834,-0.834,-0.834,-1.322,-1.811,-1.322,-1.322,-2.299,-2.787,-3.764,-3.764,-3.764,-2.787,-2.787,-2.299,-1.811,-1.322,-1.322,-1.322,-2.787,-3.276,-2.787,-1.811,-1.322,-1.322,-1.322,-1.811,-1.811,-1.811,-1.811,-2.299,-2.787,-4.252,-4.740,-5.229,-4.740,-3.764,-3.276,-3.764,-4.252,-4.252,-4.252,-3.764,-3.764,-4.252,-3.764,-3.276,-2.787,-2.299,-1.811,-2.299,-2.299,-2.299,-1.811,-1.811,-1.322,-1.322,-1.811,-1.811,-2.299,-2.787,-2.787,-1.811,-0.346,0.631,0.142,-0.346,-1.322,-1.811,-1.811,-1.322,-0.346,0.142,1.607,2.096,2.096,2.096,1.607,1.607,1.607,1.607,1.119,1.607,2.584,3.072,2.584,1.607,0.142,-0.346,-0.346,0.142,0.631,0.142,-0.346,-1.322,-2.299,-2.787,-2.787,-2.299,-1.322,-0.346,-0.834,-1.322,-2.299,-2.787,-2.299,-1.811,-0.834,-0.346,0.142,-0.346,-0.834,-1.322,-1.811,-1.811,-1.811,-2.787,-3.764,-4.740,-4.740,-4.740,-4.252,-4.252,-4.252,-4.252,-4.740,-4.740,-4.252,-4.252,-3.764,-3.276,-2.787,-2.299,-1.811,-0.834,0.142,1.607,2.584,2.584
13,T8,14,-9.918,-7.965,-3.082,1.801,3.265,1.312,-1.617,-3.082,-1.617,0.824,2.289,2.777,3.754,3.754,3.754,1.801,-1.617,-5.524,-8.942,-10.895,-10.895,-8.942,-5.035,0.336,4.730,5.707,2.289,-3.082,-7.477,-6.989,-2.106,4.242,8.636,11.078,13.519,16.937,20.355,20.355,14.496,4.730,-4.547,-7.477,-3.571,3.265,8.636,9.125,5.219,-0.641,-5.035,-6.989,-6.012,-4.059,-1.129,1.801,5.707,8.636,9.613,8.636,5.707,1.801,-1.129,-3.571,-3.082,-0.153,4.730,11.078,16.449,18.402,16.449,11.566,7.172,4.242,3.265,2.777,1.801,1.312,0.336,0.336,1.312,3.265,6.195,10.590,14.496,16.937,16.937,14.496,10.590,5.219,1.801,1.312,5.219,10.590,14.984,16.937,16.937,15.961,15.961,16.449,16.449,15.472,12.543,9.125,6.195,4.242,3.754,4.242,4.730,5.707,7.660,11.566,16.449,20.355,20.355,16.449,11.078,8.148,8.636,11.078,13.031,11.566,8.636,6.195,6.195,8.148,10.101,12.054,14.008,14.984,15.961,14.496,12.054,9.613,8.636,8.636,8.636,6.683,4.730,4.730,9.125,14.008,16.937,14.984,9.613,5.707,4.730,7.172,9.125,8.148,5.219,1.801,2.777,6.683,12.054,14.496,12.543,7.660,3.265,1.801,5.219,10.101,14.496,16.449,15.961,13.519,11.078,8.636,5.707,3.754,4.242,7.660,14.008,19.379,20.355,16.937,11.566,9.613,12.054,16.449,18.402,14.984,8.636,2.777,1.801,4.242,8.636,12.054,14.496,16.449,18.890,20.355,17.914,12.054,4.730,0.824,3.754,13.031,21.820,24.261,18.402,9.613,4.730,6.683,12.543,16.449,14.496,8.636,4.730,4.730,8.636,12.543,12.543,9.613,5.219,2.777,2.289,2.777,3.754,5.707,9.613,15.961,22.308,25.726,23.773,17.426,11.078,7.172,8.148,11.566,15.472,18.402,17.914,16.449,12.543,7.660,3.754,1.801,5.219,11.078,16.449,17.426,14.008,9.125,6.195,5.707,7.172,9.125,11.078,14.008,18.402,21.820,21.332,16.449,11.078,8.636,10.590,14.496
14,T7,14,-9.349,-7.884,-5.442,-3.001,-1.048,0.905,1.394,1.882,2.370,2.858,2.370,0.905,-1.536,-3.489,-4.466,-3.489,-2.024,-2.024,-4.466,-7.884,-10.813,-10.813,-8.860,-6.419,-4.466,-3.489,-1.536,1.882,5.300,6.765,6.276,3.347,0.417,-0.071,1.394,3.835,5.300,5.788,3.835,1.882,-0.559,-3.001,-4.466,-4.954,-4.466,-2.513,-0.559,0.417,-0.071,-2.513,-5.931,-7.884,-7.395,-3.977,0.417,4.323,5.788,4.812,3.347,1.394,-0.071,-2.024,-3.001,-3.489,-1.536,1.394,4.812,5.788,3.835,-0.559,-3.001,-1.536,4.323,10.183,12.624,10.183,4.812,0.417,-0.559,2.370,5.788,7.741,8.230,8.718,9.694,9.694,8.230,3.835,-1.048,-3.977,-2.513,2.858,9.206,12.624,11.159,6.765,2.370,1.394,4.812,9.206,11.159,9.694,5.300,0.905,-0.559,0.905,3.347,4.812,4.323,2.858,1.394,0.417,-0.071,-1.536,-3.489,-4.954,-3.489,-0.071,3.835,5.788,5.300,3.347,1.394,-0.559,-1.536,-2.024,-1.048,1.882,4.323,5.300,4.323,2.858,1.882,1.394,0.417,-2.024,-4.954,-5.931,-1.536,6.276,13.112,15.066,11.648,4.812,-0.071,-1.048,1.394,3.835,3.835,1.394,-1.048,-1.048,0.417,2.370,2.858,1.882,1.882,2.858,3.347,3.347,1.882,0.417,-0.559,-0.071,-0.071,-0.071,0.417,2.858,6.276,9.206,9.694,7.253,4.812,4.812,7.741,10.671,10.671,8.718,5.788,5.300,8.230,11.159,11.648,9.206,5.300,3.835,6.276,9.206,11.159,11.159,9.694,7.741,5.788,3.347,0.417,-1.536,-2.024,0.905,6.276,12.136,15.554,15.554,12.624,8.718,6.765,6.276,6.765,7.253,7.741,8.230,9.206,10.671,10.671,9.206,5.788,2.370,1.882,3.835,8.230,11.159,12.136,11.159,10.183,10.183,12.136,14.089,15.066,14.089,11.648,9.206,7.741,8.230,9.206,10.183,10.183,8.230,6.765,5.300,4.812,4.323,4.323,3.347,2.370,2.858,5.300,7.741,10.183,10.183,8.230,6.276,5.300,5.300,7.253,10.183,13.112,15.066
15,CZ,14,-4.537,-9.908,-13.814,-13.326,-8.443,-1.119,6.205,10.111,10.111,4.740,-3.072,-9.908,-11.861,-7.955,-0.631,5.229,6.205,0.834,-7.467,-15.279,-17.232,-14.791,-10.885,-9.908,-12.838,-15.767,-12.838,-3.560,8.647,16.459,16.459,11.088,5.229,5.229,10.111,15.483,17.924,16.459,12.553,8.647,4.252,-0.631,-6.002,-9.420,-9.420,-5.025,0.346,4.252,4.252,0.834,-3.072,-6.490,-8.443,-10.396,-11.373,-8.931,-3.560,3.764,10.111,11.576,9.135,4.740,1.811,2.299,5.717,9.623,11.576,12.065,11.088,9.135,7.670,7.182,9.135,14.018,18.901,20.365,16.459,7.670,-0.631,-2.584,3.764,15.483,25.736,29.154,26.713,21.342,18.901,20.365,23.783,24.760,20.854,14.506,11.088,13.529,21.342,29.643,34.037,32.084,26.713,22.319,22.319,25.736,29.154,29.643,27.201,23.295,20.854,20.365,20.854,20.854,20.365,20.365,19.389,16.947,12.065,6.694,4.252,6.205,12.553,19.389,21.830,20.365,15.483,11.576,10.600,12.553,16.947,21.830,25.736,27.201,25.736,22.319,17.436,13.529,12.065,13.529,16.947,19.877,20.365,19.389,18.901,20.365,24.272,27.201,26.225,21.342,14.506,10.111,9.623,12.065,15.483,18.412,20.365,22.319,23.295,23.295,21.830,18.901,15.483,12.553,11.088,11.576,14.018,16.459,19.389,21.830,23.783,25.736,26.225,24.760,22.807,20.854,21.342,23.295,24.760,25.248,24.272,22.807,22.807,23.295,24.272,23.783,22.319,20.365,18.901,18.412,17.924,17.924,18.901,21.342,24.760,26.225,24.272,18.901,12.553,9.135,10.111,13.041,15.483,14.994,11.576,7.670,6.205,8.647,12.553,15.483,16.459,16.459,18.901,23.295,27.201,26.713,19.877,9.135,0.346,-1.607,4.252,13.041,18.901,17.924,13.041,10.111,13.041,20.365,28.178,31.108,28.178,22.807,18.412,15.971,14.506,13.041,11.088,9.623,10.600,13.041,15.483,15.971,14.994,14.018,14.994,18.412,21.342,22.319,19.389,14.018,8.647,7.182,8.647,13.529,18.901,22.807,24.760,24.760,24.272,22.807
16,C3,14,-0.427,0.549,0.549,-0.427,1.038,-0.427,3.479,-1.892,-3.357,-1.892,0.061,0.549,-1.404,-7.263,-4.333,-6.775,-11.658,-2.869,-6.775,2.502,2.502,2.014,3.967,7.385,-0.427,0.061,1.526,0.549,-0.916,-5.310,-3.845,-4.822,0.549,-1.892,-3.357,-3.357,-3.845,0.061,-2.380,-4.333,-2.380,-1.892,0.549,2.014,-2.869,-2.380,0.549,-0.916,2.991,8.362,-0.916,-0.427,0.061,3.479,1.038,-1.892,-2.869,-3.357,1.526,-1.404,-5.310,-1.404,-2.380,-5.798,1.038,-4.333,0.061,0.549,1.526,4.456,1.038,-0.427,2.502,1.038,1.526,1.038,0.549,0.061,2.991,6.897,2.014,-0.916,1.038,0.549,4.456,-0.427,-2.869,1.526,1.526,-7.263,3.967,-2.380,1.038,2.502,3.967,3.479,7.874,-0.427,0.061,1.038,2.991,2.014,-0.916,0.549,1.038,3.967,-0.916,-6.775,-3.845,-2.869,-0.916,-3.357,-7.263,-4.333,-1.404,-4.333,-0.427,-5.798,-2.869,-3.845,-1.404,0.061,7.385,-1.404,-0.916,-0.427,0.061,-0.427,-1.892,0.061,0.061,1.038,-0.916,-6.775,-1.892,-0.427,-2.380,2.014,-4.333,-0.916,-1.892,-2.380,1.038,-2.380,-2.380,-2.380,-2.869,-0.916,-0.427,-4.822,-3.357,-4.822,1.038,-1.892,-4.333,-2.869,-4.333,2.502,-2.380,-2.869,-0.916,-1.892,-8.240,2.502,-4.333,-3.357,-0.427,-1.404,3.479,2.014,-0.427,-0.916,-0.916,3.479,1.526,1.526,3.967,2.502,6.409,2.014,-1.892,0.061,2.991,4.944,4.456,-0.916,2.991,1.526,-2.869,3.479,-4.333,-0.916,-0.427,1.526,3.479,10.803,1.526,2.502,2.014,4.456,2.991,-1.892,-0.427,1.038,6.897,2.502,-1.404,1.038,2.014,1.038,3.479,-1.404,1.526,-1.404,-1.404,1.038,-2.380,-1.404,2.991,2.991,4.944,6.409,0.061,1.526,1.526,3.967,2.502,0.549,3.479,0.549,3.967,-1.404,-3.845,0.061,0.061,-11.169,-2.869,-7.263,-1.404,-0.427,0.061,0.549,1.038,0.061,-2.869,-0.916,2.502,0.061,-0.916,3.479,2.502,5.432,1.526,-2.869,-0.427,-0.427
17,C4,14,1.444,2.421,-0.509,-1.973,-0.509,-0.997,0.468,0.956,-0.997,-0.020,-0.997,1.933,-0.997,-3.438,-0.997,-1.485,-4.903,3.398,-0.020,0.956,-1.973,-0.997,-1.485,2.909,-3.438,-0.997,-1.973,4.374,2.909,0.956,1.444,-0.997,0.956,0.468,-2.462,0.468,-0.020,-0.997,4.374,-1.973,4.374,4.374,0.468,2.421,0.956,1.444,1.444,3.398,2.909,2.421,-1.973,0.956,0.468,1.933,2.421,-2.462,0.956,4.862,4.862,1.933,1.444,3.886,3.398,-0.997,4.374,3.886,3.886,3.398,3.886,6.327,2.909,0.956,-0.509,-0.509,3.886,-0.020,-0.997,4.374,1.933,3.398,2.421,1.933,3.886,3.886,1.444,4.862,-0.020,1.933,3.886,-0.997,5.839,4.862,4.862,2.909,2.909,6.816,8.280,1.444,2.909,-0.020,3.886,-0.020,1.444,1.933,5.351,7.304,4.374,1.444,4.374,2.909,2.909,5.839,1.933,5.351,2.909,4.374,3.398,2.909,4.862,5.839,6.816,8.769,11.210,6.327,4.374,3.398,5.351,1.933,0.956,1.933,2.421,4.374,4.374,-0.509,0.468,0.956,-1.485,-0.997,-1.973,-0.997,-0.509,0.468,1.444,-0.020,-0.020,1.444,-0.020,2.909,0.468,-0.997,0.956,0.956,0.468,-0.509,-1.973,2.909,3.398,2.909,5.351,-0.020,4.862,1.444,-2.462,-0.020,-1.485,1.933,1.933,0.956,5.351,7.792,1.444,3.398,2.909,6.327,3.398,0.468,-0.020,1.444,1.933,1.444,1.933,2.421,4.862,4.374,4.374,3.886,3.886,2.421,-2.462,1.444,0.468,0.468,3.398,1.444,2.421,5.839,1.933,1.933,3.886,2.909,3.398,-2.950,1.444,0.956,3.886,3.398,-0.509,1.444,-0.997,-4.903,-0.020,-1.485,0.468,0.468,1.933,5.839,3.886,5.351,3.886,1.933,5.351,4.862,1.444,0.956,-0.020,1.444,-0.997,-3.438,-2.950,0.468,3.886,3.398,1.444,4.862,3.398,1.933,4.862,-0.020,-0.020,0.956,1.444,3.886,4.374,1.444,3.398,2.421,4.374,3.886,-0.020,0.956,0.956,3.886,2.909,-1.485,6.327,3.886
18,CP5,14,-0.763,-0.763,-0.763,1.190,2.655,-0.275,4.120,-1.251,-6.622,-1.251,3.632,0.702,0.214,-9.064,-5.646,-4.669,-14.923,-9.064,-5.646,2.167,2.167,2.655,3.143,11.444,2.655,0.702,3.632,1.678,2.167,-2.228,-5.157,-2.228,3.143,-3.204,-5.646,-6.134,-4.669,-3.693,-6.134,-8.575,-4.181,-1.740,-1.251,-1.740,-4.181,-3.204,-2.228,-7.111,1.190,12.909,-0.275,0.214,4.120,6.561,2.167,-7.111,-9.064,-6.134,-1.740,-3.204,-10.040,-2.716,-1.740,-9.064,-5.646,-5.646,1.190,1.190,5.096,3.632,2.655,1.190,2.167,-0.763,2.655,-0.763,-4.181,-1.740,5.096,9.979,4.120,-0.275,0.702,-3.693,2.167,0.214,-3.693,1.190,1.190,-12.970,-0.763,-4.669,1.190,2.167,3.143,1.190,8.514,-0.763,-0.763,-1.251,-1.251,3.632,-1.740,-2.228,-0.763,9.979,0.214,-10.040,-6.134,-3.693,-2.716,-9.552,-9.552,-5.157,-2.716,-7.111,-2.228,-8.087,-5.157,-8.575,-3.204,-0.275,13.397,-2.716,-0.275,0.702,-1.251,-2.716,-2.716,0.214,-3.204,-0.763,-5.646,-7.111,-2.716,-0.275,-6.622,2.655,-6.622,2.167,-2.228,-7.111,-2.228,0.214,-2.228,-2.228,-5.646,-1.251,-0.763,-5.646,-5.157,-5.646,2.655,-4.181,-6.134,-5.157,-5.646,1.678,-5.646,-6.622,-4.669,-2.228,-12.482,5.096,-4.181,-7.111,-2.716,-3.693,2.167,2.655,-2.228,-4.669,-1.251,3.143,-0.763,-1.251,6.561,3.632,6.561,3.143,-2.716,-2.228,4.120,3.143,3.632,-2.228,1.190,-1.251,-9.552,-5.157,-12.482,-6.134,-7.599,-0.275,5.096,12.421,-2.228,-1.251,2.167,4.608,-0.763,-6.134,-3.693,-2.716,5.096,-0.275,-0.763,1.190,1.678,-0.275,4.120,-3.204,-2.228,-2.716,-0.763,2.655,-0.763,-0.275,3.143,6.561,5.585,4.608,0.702,3.143,0.214,0.214,-0.763,-0.763,3.632,0.214,3.632,-2.716,-3.204,2.167,0.702,-17.853,-3.693,-7.599,-1.251,-2.716,-0.763,0.702,1.678,-2.228,-6.622,-3.693,-0.275,-3.693,-0.275,0.702,2.167,2.655,-1.740,-3.204,-0.275,-3.693
19,CP6,14,-0.478,5.381,4.405,-0.478,1.963,0.010,5.381,3.916,0.987,8.311,1.963,-2.431,-3.896,1.475,0.987,-2.920,5.381,5.870,11.729,2.940,-1.455,0.987,-1.943,-9.267,2.940,3.916,0.010,9.288,11.729,10.264,11.241,9.776,4.405,2.940,-2.431,3.916,-2.920,-7.802,6.846,-1.455,8.311,1.963,0.010,-1.455,1.475,5.381,-4.384,-1.943,2.940,-5.361,2.940,5.870,4.405,3.916,6.846,1.475,-0.966,10.264,-0.966,0.498,7.334,10.264,9.776,14.170,6.358,17.588,10.264,3.916,3.916,7.823,4.405,-0.966,-1.943,6.358,12.217,4.893,3.916,7.334,13.194,11.241,10.752,8.311,8.311,7.823,5.870,13.194,9.776,0.987,11.241,23.936,10.264,18.565,15.635,12.705,8.311,15.147,4.405,5.870,9.288,7.823,8.311,5.870,-1.943,10.752,16.612,18.565,12.217,9.776,9.776,10.752,8.311,9.288,10.264,14.659,7.334,11.241,10.264,8.799,6.846,10.752,9.288,14.170,8.799,12.705,7.823,2.452,11.729,8.311,5.870,5.870,7.334,8.799,12.217,4.405,4.405,8.799,4.893,4.405,9.776,3.916,4.405,2.452,2.940,7.334,5.381,5.870,5.381,7.334,4.405,5.381,2.940,1.963,-0.478,4.405,2.940,8.799,14.170,4.405,12.217,4.893,12.217,7.823,7.334,-0.478,9.776,9.288,6.358,5.381,7.823,9.776,6.846,10.264,7.334,12.705,9.288,3.916,3.428,4.405,8.311,5.870,5.381,7.334,8.311,13.682,9.288,17.100,7.823,-0.478,1.963,7.334,13.194,4.893,10.264,5.381,4.405,0.498,4.405,2.940,6.846,5.870,4.405,-1.455,3.428,4.893,4.893,6.846,11.241,6.358,3.916,0.010,3.916,6.358,3.916,11.241,10.752,14.170,20.518,19.541,2.940,10.752,15.147,-0.966,6.846,8.311,7.823,6.846,5.381,-1.943,1.475,7.823,0.987,6.846,11.729,15.147,12.705,16.612,9.776,12.217,6.358,5.381,2.940,17.100,8.311,7.334,11.241,5.381,10.264,9.776,7.823,9.288,3.428,3.428,4.893,-0.966,2.940,13.194
20,CP1,14,-0.407,-0.407,-0.407,-0.895,-1.872,-2.360,-2.360,-1.872,-0.407,0.081,0.570,-0.407,-0.895,-1.383,-0.895,-0.407,-0.407,-0.895,-1.383,-1.872,-1.872,-1.383,-0.407,0.570,1.546,1.546,1.058,0.570,-0.407,-1.872,-2.848,-3.825,-4.313,-4.313,-4.801,-5.290,-5.778,-6.266,-5.778,-4.801,-3.825,-3.825,-4.313,-4.313,-3.337,-2.848,-1.872,-1.383,-0.895,-0.407,0.081,0.081,0.570,0.081,0.081,0.081,0.081,-0.407,-0.895,-2.360,-3.825,-4.801,-5.778,-6.266,-5.778,-4.801,-3.337,-2.360,-1.383,-1.383,-0.895,-0.407,0.081,0.570,0.570,0.570,0.570,0.081,-0.895,-2.360,-2.848,-3.337,-2.848,-1.872,-0.407,0.081,0.081,-0.407,-1.872,-2.848,-2.848,-1.872,-0.407,0.081,0.081,-0.895,-0.895,-0.895,-0.407,-0.407,-0.407,-0.895,-1.383,-1.872,-1.872,-1.383,-0.407,0.081,0.570,1.058,0.570,0.081,-0.895,-1.872,-2.848,-2.848,-2.360,-2.360,-2.360,-2.360,-2.360,-2.360,-2.360,-1.872,-1.383,-0.895,-0.407,0.081,1.058,1.058,0.570,-0.407,-0.895,-0.895,-0.895,-0.407,-0.407,-0.407,-0.895,-0.895,-0.407,0.081,1.058,1.058,0.570,-0.407,-0.895,-0.895,0.081,0.570,0.570,0.081,-0.407,-0.895,-1.383,-1.872,-1.383,-1.383,-1.383,-0.895,-1.383,-1.383,-1.383,-0.895,-0.895,-0.895,-0.895,-0.895,-0.895,-1.383,-1.872,-1.872,-2.360,-2.360,-1.872,-1.872,-1.383,-1.383,-1.383,-0.895,0.081,0.570,1.058,0.570,0.081,-0.407,-0.895,-1.383,-1.383,-0.895,-0.407,-0.895,-1.383,-2.360,-3.337,-3.825,-3.825,-3.825,-2.848,-2.360,-1.872,-1.383,-1.383,-1.383,-1.872,-1.872,-1.872,-2.360,-2.360,-2.360,-1.383,-0.407,0.081,0.570,0.570,-0.407,-0.407,-1.383,-1.383,-1.383,-0.895,0.081,0.570,1.058,1.058,1.058,0.081,-0.407,-0.895,-1.383,-1.383,-0.895,0.081,1.058,1.546,1.058,0.570,0.081,0.081,0.570,0.570,0.570,0.570,0.081,-0.407,-0.407,0.081,0.081,0.081,-0.895,-1.872,-2.360,-1.872,-0.895,-0.407,-0.407
21,CP2,14,0.387,0.875,1.851,2.340,2.340,0.387,-0.590,-1.567,-0.590,0.875,2.340,2.828,2.828,2.828,2.828,2.828,2.340,1.851,1.363,1.363,2.340,3.316,3.805,3.805,3.316,1.851,-0.102,-1.567,-2.543,-2.055,-1.567,-0.590,-0.102,0.387,0.875,0.875,0.387,-0.102,-1.078,-1.567,-1.567,-1.567,-1.078,-0.102,0.875,1.851,2.340,2.340,2.340,2.340,2.340,2.828,3.316,3.316,3.316,2.828,2.340,1.851,1.851,1.851,1.851,1.363,1.363,1.363,1.851,3.316,4.293,4.781,4.781,4.781,4.293,4.293,3.805,3.805,2.828,2.828,3.316,3.316,3.316,2.340,1.363,1.363,1.363,2.340,3.316,3.316,3.316,3.316,2.828,2.340,2.828,3.805,3.805,3.805,3.805,3.805,4.781,5.269,5.758,4.781,3.805,3.316,2.828,2.828,2.828,2.340,2.340,2.828,3.805,5.758,6.734,7.711,6.734,5.758,4.781,4.293,4.781,4.781,4.781,4.293,3.805,2.828,2.828,2.340,2.828,3.316,5.269,6.246,6.734,6.246,4.781,3.316,2.828,3.316,4.293,4.781,5.269,4.293,2.828,2.340,1.851,1.851,2.340,2.340,2.340,2.340,2.340,2.340,2.828,3.316,3.805,3.805,2.828,2.340,1.363,1.363,1.851,2.340,2.340,2.340,2.828,2.828,3.316,3.805,3.316,2.340,1.363,0.875,0.875,1.851,2.340,2.340,2.340,2.340,2.828,3.316,3.805,3.316,2.828,1.851,1.363,0.875,0.875,1.363,1.851,2.828,2.828,3.316,3.316,3.316,2.828,1.851,0.875,-0.102,-0.590,-0.590,0.387,0.875,1.363,0.875,-0.102,-0.590,-0.102,0.875,1.851,1.851,1.363,0.875,0.875,1.851,2.828,3.805,3.316,2.340,0.875,0.387,0.875,2.340,3.805,4.781,4.781,5.269,4.781,4.293,3.316,2.340,1.363,0.875,1.363,1.363,1.363,0.875,0.875,1.363,1.851,3.316,3.805,4.293,4.781,4.293,4.781,4.781,4.781,4.293,3.805,3.316,2.828,2.828,2.828,2.828,3.316,3.316,3.316,2.828,1.851,0.875
22,P3,14,-0.895,0.081,1.546,1.546,0.570,-1.383,-2.360,-1.872,1.058,3.499,3.499,2.035,-0.407,-1.872,-0.895,0.570,2.035,2.035,0.570,-1.383,-2.360,-0.895,1.546,3.988,5.941,6.429,5.452,3.988,1.546,-0.895,-3.337,-3.825,-3.337,-2.848,-2.848,-4.801,-7.243,-8.708,-8.219,-6.755,-5.778,-5.778,-6.755,-7.243,-6.755,-5.290,-3.337,-2.360,-1.872,-1.383,-0.407,0.570,1.058,1.058,1.546,1.546,2.035,1.546,0.081,-2.360,-5.290,-8.219,-9.684,-9.684,-8.219,-5.778,-3.825,-2.848,-2.360,-1.872,-0.895,0.081,1.058,1.546,2.035,2.523,2.035,0.570,-1.383,-4.313,-6.266,-6.755,-5.778,-3.337,-0.407,2.035,2.035,0.081,-2.848,-5.290,-4.801,-2.848,-0.407,1.058,1.058,-0.895,-2.360,-2.360,-1.383,0.081,0.570,0.081,-1.383,-2.848,-3.337,-2.360,-0.895,0.570,2.035,2.523,2.035,0.570,-1.872,-4.801,-6.755,-7.731,-6.755,-5.290,-3.825,-3.825,-4.313,-4.313,-4.313,-3.825,-2.360,-1.872,-0.407,1.058,2.523,3.499,3.011,1.546,-0.895,-2.360,-2.360,-1.872,-0.895,-1.872,-2.848,-3.825,-3.825,-2.360,-0.407,0.081,-0.407,-1.872,-2.848,-2.360,-1.383,0.570,1.058,-0.407,-1.872,-3.825,-4.313,-4.313,-3.337,-2.848,-2.848,-2.848,-2.848,-2.360,-1.383,-0.895,-0.895,-0.895,-1.383,-1.383,-0.895,-0.895,-1.872,-3.337,-4.801,-4.801,-3.825,-2.360,-1.383,-1.383,-0.895,0.570,2.523,3.988,4.476,3.499,1.546,-0.407,-1.383,-1.383,-0.895,0.081,0.570,0.081,-2.360,-4.801,-7.243,-8.219,-7.731,-5.778,-2.848,-0.895,0.081,0.081,-0.895,-1.383,-1.383,-1.872,-2.360,-2.848,-3.337,-2.848,-0.895,2.035,4.476,4.964,3.988,3.011,1.546,1.058,0.570,0.570,1.058,2.523,3.988,4.476,3.988,2.035,0.081,-1.872,-2.848,-3.337,-3.337,-2.848,-1.872,0.081,2.035,2.035,1.058,-0.407,-1.383,-0.407,1.546,3.011,2.035,0.570,-1.383,-1.872,-0.407,0.081,-0.407,-2.360,-4.313,-4.801,-3.337,-0.407,1.546,1.546
23,P4,14,-0.997,0.956,4.374,6.327,5.351,1.933,-1.973,-3.927,-2.950,-0.020,2.909,4.862,5.351,4.862,3.886,3.398,2.421,0.956,0.468,-0.020,0.956,2.909,4.862,6.327,5.839,3.398,-0.020,-3.438,-5.880,-5.880,-3.438,-0.509,1.933,3.398,2.909,1.933,0.956,-0.020,-1.973,-3.927,-6.368,-7.833,-6.856,-4.903,-2.462,-1.485,-1.485,-1.973,-2.462,-2.462,-0.997,0.468,1.444,1.444,0.956,-0.020,-0.020,0.956,1.444,1.444,0.956,0.468,-0.509,-0.509,-0.020,1.444,2.909,3.886,5.351,6.327,5.839,3.886,1.444,-0.509,-1.485,-0.509,0.956,1.933,1.933,0.956,0.468,0.956,2.909,5.351,6.816,6.816,5.839,3.886,2.421,1.933,2.421,3.886,4.374,4.862,5.351,5.839,7.304,9.745,10.722,10.234,8.280,6.327,5.839,5.839,5.839,5.351,3.886,3.398,5.351,8.769,12.187,13.163,11.210,7.792,4.862,3.886,5.351,6.816,8.280,7.792,6.327,4.374,2.421,1.444,1.444,3.886,7.304,9.745,10.722,8.769,5.839,3.398,2.909,4.374,6.816,7.792,6.816,4.374,1.444,-0.509,-0.509,-0.020,1.444,1.444,1.444,0.956,0.468,0.956,1.933,3.398,4.374,3.886,2.421,-0.020,-1.485,-1.973,-0.997,0.956,1.933,1.933,1.444,2.421,3.886,5.351,4.862,2.909,-0.020,-1.973,-1.485,0.956,2.909,3.886,3.398,1.933,1.933,3.398,4.862,5.351,3.886,1.444,-0.509,-0.997,-0.020,1.933,2.909,3.398,3.398,3.886,5.351,6.816,7.304,5.839,1.933,-1.485,-3.438,-2.462,0.468,2.421,1.933,-0.509,-2.950,-3.927,-1.973,0.956,3.398,3.398,1.444,-0.509,-0.997,1.444,4.862,6.816,6.327,4.374,1.444,0.956,3.398,7.304,10.722,11.698,11.210,9.745,8.769,7.304,5.839,2.909,0.956,-0.020,0.468,1.444,1.933,1.444,-0.020,-0.997,0.468,2.909,5.839,7.792,8.280,7.792,7.304,7.304,7.304,6.327,4.862,2.909,1.933,1.933,2.421,3.398,4.862,5.839,5.839,4.862,2.909,-0.020
24,PZ,14,0.061,0.549,1.526,1.038,-0.916,-2.869,-4.333,-2.869,0.061,2.014,2.014,0.549,0.061,0.549,1.038,1.038,-0.916,-2.869,-3.357,-2.869,-1.404,-0.427,-0.427,0.061,0.549,1.038,-0.427,-2.869,-5.798,-7.263,-6.775,-4.822,-3.357,-3.845,-4.822,-5.798,-6.775,-6.775,-6.775,-7.263,-7.751,-8.240,-8.240,-7.263,-5.798,-4.333,-3.357,-2.869,-2.380,-1.404,-0.427,-0.427,-0.427,-0.427,-0.916,-0.916,-1.404,-2.869,-4.333,-6.287,-7.751,-8.728,-9.216,-9.216,-7.751,-5.798,-3.357,-1.404,0.061,0.061,-0.427,-1.404,-2.380,-2.380,-1.404,0.061,0.061,-1.404,-3.357,-5.798,-6.775,-6.287,-5.310,-3.357,-1.404,-0.427,-0.916,-2.380,-4.333,-4.822,-3.845,-1.892,-0.427,-0.916,-1.892,-2.380,-1.404,0.549,2.014,1.526,0.549,0.061,0.549,0.549,0.061,-0.916,-0.916,1.038,3.967,6.409,5.920,3.967,1.038,-0.916,-1.404,-0.916,-0.427,0.061,0.549,0.549,-0.427,-1.404,-1.892,-1.404,-0.427,1.038,2.991,3.967,3.967,3.479,2.502,1.038,0.061,0.061,1.038,2.014,1.526,0.061,-1.404,-1.404,-0.427,1.038,2.014,2.014,1.526,0.549,0.061,0.549,2.014,3.479,4.456,2.991,0.549,-2.380,-2.869,-2.380,-0.916,0.061,-0.427,-1.404,-1.404,0.061,1.526,2.014,1.038,0.061,-0.427,0.061,1.038,1.038,0.549,-0.916,-1.892,-1.892,-0.916,-0.427,0.061,-0.427,0.061,0.549,1.526,2.014,2.014,1.526,1.526,1.038,0.061,-0.427,0.061,1.038,2.014,1.038,-1.892,-4.822,-6.287,-5.310,-3.357,-2.380,-2.380,-3.357,-3.357,-2.869,-1.892,-1.404,-1.892,-2.380,-2.869,-2.869,-1.404,0.549,2.502,3.967,3.967,2.991,2.014,1.526,2.014,2.502,2.991,3.967,4.944,6.409,6.897,6.409,4.456,2.014,1.038,0.549,0.549,0.061,-0.427,0.061,1.526,3.479,4.944,4.456,3.479,2.991,3.479,5.432,6.409,6.409,5.432,3.479,2.991,2.991,3.479,2.991,2.502,1.526,1.038,1.526,1.526,1.038,0.061,-1.404
25,P8,14,1.200,4.618,7.060,7.060,3.642,-0.264,-3.682,-3.682,-0.264,4.618,8.525,10.966,10.478,9.013,6.571,3.642,-0.264,-3.194,-5.636,-5.147,-3.682,-1.241,1.200,2.665,2.665,2.177,1.689,2.177,4.618,8.036,10.966,11.454,10.478,9.989,11.454,13.896,14.384,10.966,5.107,-0.264,-2.218,-1.241,0.712,1.200,0.712,0.224,0.712,1.689,1.200,-0.753,-2.706,-3.682,-3.194,-1.729,0.712,2.177,3.642,4.618,5.595,4.130,1.689,-2.218,-5.147,-4.659,0.224,8.036,15.361,18.778,16.825,11.454,7.060,5.107,5.107,5.107,4.130,1.689,-1.241,-1.729,0.712,5.595,10.478,13.407,13.896,12.919,11.454,10.966,10.478,9.501,9.013,9.013,9.989,10.478,9.989,8.036,7.060,9.013,13.407,17.802,18.778,16.825,14.384,13.407,14.384,13.407,9.989,4.618,1.200,2.665,9.013,15.361,18.290,16.825,13.896,11.454,10.966,10.966,10.966,9.989,9.989,9.501,9.013,8.036,7.060,6.571,7.548,8.525,9.501,9.501,9.013,9.013,9.989,11.454,11.943,11.454,9.501,6.083,2.665,1.200,2.177,5.595,9.013,10.478,9.989,8.036,5.595,3.153,1.689,1.200,2.177,6.083,9.989,11.943,10.478,6.571,3.153,3.153,5.107,7.548,8.036,8.036,9.013,11.454,13.896,13.896,10.966,6.083,2.177,1.689,5.107,10.478,13.896,13.896,10.966,8.036,7.548,9.989,13.407,13.407,10.478,7.060,6.571,9.013,11.943,11.943,9.501,7.548,9.013,13.407,18.778,20.732,17.314,10.478,5.107,3.153,4.130,6.571,7.548,7.060,5.595,4.130,4.130,4.618,6.083,7.060,8.036,9.013,9.501,9.013,8.525,9.013,9.989,10.966,9.989,6.571,2.177,1.200,5.595,14.384,22.196,25.614,23.661,19.267,15.849,14.384,14.872,15.361,14.384,12.431,11.943,11.943,11.454,9.501,6.083,3.642,3.642,7.060,11.943,15.849,16.825,14.872,12.431,11.454,12.431,14.384,14.872,13.407,10.966,9.013,9.989,12.431,14.384,13.896,10.966,7.060,4.130,2.665
26,P7,14,-3.489,-3.001,-3.001,-3.001,-3.489,-3.001,-1.536,1.394,4.812,6.276,4.812,0.905,-3.001,-3.977,-1.536,1.394,1.882,-0.559,-4.954,-7.884,-8.860,-7.884,-5.931,-3.001,0.417,3.835,6.276,5.788,4.323,2.370,2.858,3.835,5.300,4.812,2.370,-0.071,-1.536,-1.048,-0.071,-0.071,-2.024,-4.954,-6.419,-6.907,-4.954,-3.001,-1.536,-1.048,-2.024,-3.001,-3.977,-4.466,-3.977,-2.513,-0.559,1.394,1.882,0.905,-0.559,-2.024,-3.489,-5.442,-6.419,-5.931,-3.977,-1.536,-0.071,-0.559,-2.513,-3.001,-0.559,2.858,5.300,6.276,5.788,4.323,3.347,2.370,1.394,-0.071,-0.559,0.417,2.858,5.300,6.276,5.788,3.835,1.882,0.905,0.417,1.394,3.347,5.300,6.276,5.300,2.858,1.394,1.394,2.370,3.835,4.323,3.835,2.858,1.882,1.394,1.394,1.394,3.347,5.300,7.253,6.765,3.347,-1.048,-5.442,-7.884,-6.907,-4.466,-1.536,-0.071,-0.071,-1.048,-1.048,-1.536,-1.048,-1.048,-1.048,-0.071,1.882,3.835,4.323,2.858,0.417,-1.536,-3.001,-3.001,-2.513,-1.536,-0.071,1.394,2.370,2.858,2.370,1.394,0.905,0.417,-0.559,-1.536,-1.048,-0.071,1.882,2.858,2.858,1.882,0.905,0.417,0.417,-0.071,-0.071,0.417,0.905,1.394,0.905,0.417,0.417,2.370,4.812,7.253,8.230,6.765,3.835,1.882,0.905,1.882,3.347,4.323,4.812,3.835,3.835,5.300,7.741,10.183,10.671,8.718,5.788,3.835,3.835,4.812,6.276,8.230,8.718,8.230,5.788,1.882,-2.513,-5.442,-4.954,-2.513,0.905,3.347,4.323,4.323,3.835,3.835,3.347,2.370,0.417,-0.071,-0.071,2.370,5.300,7.741,9.694,10.671,11.159,11.159,11.159,11.159,10.671,10.183,9.206,8.718,8.718,9.694,10.671,11.648,11.159,9.694,8.230,7.253,5.788,4.812,4.812,5.788,6.765,7.253,5.788,3.835,2.858,4.323,6.276,7.253,6.276,4.323,2.858,3.347,5.300,6.765,6.276,4.812,2.858,1.394,0.905,1.394,3.347,5.788,7.741
27,PO2,14,1.912,5.330,7.284,6.307,2.889,-1.017,-2.970,-2.970,-1.017,0.936,2.889,4.354,6.307,8.260,8.260,4.842,0.448,-2.482,-1.994,0.448,2.889,3.866,3.866,3.866,4.842,4.842,3.866,0.448,-2.970,-3.947,-1.994,1.912,5.330,5.819,4.842,3.377,1.912,0.936,-0.529,-2.482,-3.947,-4.924,-3.459,-1.017,1.424,2.889,2.401,0.936,-1.017,-1.994,-1.017,0.448,1.424,0.936,-0.529,-1.017,-1.017,0.448,0.936,0.448,-0.529,-1.994,-3.459,-4.435,-4.435,-1.994,3.377,9.725,14.119,13.631,8.260,1.912,-2.970,-3.459,-1.017,1.912,2.889,1.424,0.936,0.936,1.912,2.889,3.377,4.354,6.307,7.772,7.772,5.819,2.889,1.912,3.866,6.307,7.772,6.795,5.330,5.819,8.748,12.655,14.608,13.143,11.190,10.213,11.190,11.678,10.213,6.307,3.866,5.819,12.655,19.002,20.955,17.049,10.701,5.819,3.866,5.330,6.795,8.748,9.725,9.725,8.748,6.307,3.866,3.377,5.819,9.725,13.631,15.096,14.119,12.166,9.725,8.260,7.284,7.772,9.237,10.213,9.237,6.307,2.401,1.424,3.377,6.307,7.772,6.795,4.842,3.377,3.866,5.819,8.260,10.701,12.655,11.190,6.795,1.424,-1.994,-1.017,3.377,6.307,5.819,3.377,2.889,6.307,11.678,13.631,11.190,5.819,2.401,3.377,6.795,10.213,10.213,8.260,6.307,5.819,6.795,8.748,8.748,6.795,5.330,4.354,5.330,7.772,10.213,10.701,9.725,7.772,6.307,7.772,10.701,13.143,13.143,10.213,4.842,-0.041,-0.529,1.912,5.330,6.795,4.842,1.912,-0.041,0.936,3.377,5.330,5.819,4.354,2.401,2.889,5.819,10.213,13.143,13.631,11.190,7.772,6.307,7.772,12.166,16.561,19.491,20.467,19.491,19.002,18.026,16.561,12.655,7.772,4.354,4.354,6.307,8.260,7.772,5.819,3.866,4.842,7.772,10.701,12.166,11.190,11.190,12.166,14.608,15.584,14.119,10.701,7.284,5.819,6.795,8.260,9.237,9.725,10.701,12.166,12.166,9.725,5.330,0.936
28,PO1,14,-0.092,2.350,4.303,4.303,2.350,-0.580,-2.533,-1.068,2.838,6.744,7.233,4.303,0.397,-1.068,0.397,3.326,4.791,3.326,-0.580,-3.021,-3.021,-0.092,3.326,5.280,6.256,6.256,6.256,4.791,1.862,-2.045,-3.998,-3.021,0.397,2.838,2.350,-1.556,-5.951,-7.416,-6.439,-3.510,-3.021,-4.974,-7.904,-9.369,-7.904,-5.463,-2.533,-1.068,-1.068,-0.580,0.885,2.350,3.815,3.815,2.838,1.862,0.885,0.885,-0.580,-2.533,-5.463,-7.904,-8.881,-8.392,-5.951,-3.510,-1.068,0.397,1.373,2.350,3.326,2.838,2.350,2.350,3.326,4.791,6.256,5.280,2.838,-1.556,-5.463,-7.416,-6.927,-3.510,0.885,4.303,5.280,3.326,-0.580,-3.021,-3.021,-0.580,2.838,4.791,3.326,1.373,-0.092,0.885,3.326,5.768,6.744,6.256,4.791,3.326,3.326,4.303,5.768,7.233,9.186,10.162,10.162,7.721,3.326,-1.556,-4.486,-4.486,-2.045,1.373,3.815,3.815,2.350,1.373,0.885,1.373,2.350,3.326,4.791,6.744,8.209,9.186,8.698,6.744,3.815,2.350,3.326,5.280,6.744,5.280,2.838,0.885,0.885,2.838,5.768,7.233,6.744,4.791,2.838,3.326,5.280,8.209,9.186,8.209,5.280,1.862,-0.092,-0.092,1.373,2.838,3.326,3.326,3.326,3.815,5.280,6.256,6.256,5.768,5.768,6.744,8.209,8.698,7.233,3.815,1.373,0.885,1.862,3.815,5.280,5.280,5.768,7.233,9.186,10.162,10.162,8.698,7.233,6.744,6.744,7.233,7.721,8.698,9.186,8.698,6.256,2.838,-1.068,-3.021,-2.045,0.885,4.791,6.744,6.256,5.280,3.815,3.326,3.326,2.838,2.350,1.862,2.350,4.791,8.698,12.604,14.557,15.045,14.557,14.069,13.580,12.604,11.627,11.139,12.115,14.557,17.487,19.440,17.975,14.557,10.651,8.209,7.233,6.744,5.768,5.280,6.256,9.186,12.115,12.604,10.651,7.721,7.233,9.674,13.092,15.045,13.580,9.674,6.744,6.744,9.186,11.139,11.627,9.186,7.233,6.744,7.721,9.674,10.162,9.674
29,O2,14,-0.732,5.615,10.498,10.498,7.080,1.709,-2.197,-3.174,-1.709,0.244,2.197,4.639,7.568,9.521,10.010,6.104,0.732,-3.662,-4.639,-2.197,1.221,3.662,4.150,2.686,2.686,3.662,5.127,5.127,3.662,2.197,2.686,4.639,7.568,9.521,9.521,8.057,6.104,3.662,1.221,-1.221,-2.686,-2.197,-0.732,1.709,3.662,3.662,2.686,0.244,-2.197,-3.662,-4.150,-3.174,-1.709,-1.221,-3.174,-5.127,-6.104,-4.150,-0.732,2.686,3.662,1.221,-3.174,-7.080,-7.568,-3.662,4.150,11.963,17.334,17.334,12.451,4.150,-3.174,-7.080,-6.104,-2.686,0.244,1.221,0.244,0.244,1.709,4.639,7.080,9.033,8.545,6.592,5.127,5.127,6.104,7.568,8.545,8.545,7.568,5.615,4.639,5.615,8.545,12.451,16.357,17.334,15.869,12.939,11.475,10.010,8.545,6.104,3.662,3.174,7.080,14.404,20.752,22.217,17.334,8.545,0.732,-2.197,0.244,5.127,9.033,9.521,7.080,3.174,0.244,-0.244,1.709,5.127,8.545,10.986,11.963,10.010,7.080,4.639,5.127,7.568,10.498,11.963,10.010,6.592,3.174,1.709,3.174,4.639,5.615,4.150,2.686,1.709,2.197,3.662,5.127,7.080,9.033,9.033,6.592,1.221,-3.174,-3.174,1.221,6.592,9.033,7.568,4.150,2.686,6.592,11.475,12.939,10.498,5.615,2.197,3.174,7.080,10.986,11.963,10.498,8.545,8.545,10.010,10.498,8.545,5.127,2.197,3.174,7.568,11.963,13.428,11.963,8.545,7.080,8.545,12.451,15.381,14.404,9.521,2.686,-1.221,-0.732,2.686,6.592,7.080,3.662,-0.732,-3.662,-2.686,1.221,4.639,6.592,4.639,1.221,-0.244,1.709,6.592,11.963,13.916,11.475,6.592,3.174,4.639,11.475,20.264,27.100,29.053,27.100,23.682,20.264,17.822,13.916,8.545,3.174,1.709,4.639,9.033,11.963,10.010,5.127,0.732,0.244,3.662,9.033,12.451,13.428,12.451,11.963,11.475,11.475,9.521,6.592,4.150,3.662,4.639,6.592,8.545,10.498,12.451,13.916,11.963,7.080,0.244
30,O1,14,-3.153,-0.224,2.706,2.218,-1.200,-5.595,-7.548,-4.130,3.194,9.054,9.054,3.682,-2.665,-4.618,-0.712,4.659,6.124,2.218,-5.107,-9.989,-9.501,-5.595,-1.689,1.241,4.171,6.612,8.565,7.589,2.706,-3.153,-5.107,-1.200,6.612,11.007,8.077,0.753,-6.083,-7.060,-2.665,1.241,1.241,-3.642,-8.525,-10.966,-8.525,-4.618,-1.689,-2.177,-3.153,-2.665,-0.224,3.194,4.171,2.706,0.264,-0.712,-1.200,-2.177,-4.618,-8.525,-11.454,-12.431,-9.989,-6.571,-3.642,-2.665,-3.153,-2.665,-0.712,1.729,3.194,2.218,0.753,0.264,2.706,7.100,10.030,10.518,6.124,-1.689,-9.013,-13.407,-11.943,-5.595,3.194,9.542,10.518,6.124,-0.712,-4.618,-3.642,0.753,5.147,6.124,3.682,0.753,-0.224,2.218,6.124,9.542,11.495,11.007,9.542,7.589,6.124,6.612,8.077,10.518,12.472,12.472,10.030,5.147,-0.712,-5.595,-8.036,-7.060,-4.130,-0.712,1.729,2.218,0.753,-0.224,-0.712,0.264,2.218,4.171,5.636,6.612,8.077,8.565,8.077,6.124,3.682,2.218,1.729,1.729,1.729,-0.224,-3.153,-5.107,-4.618,-1.689,2.706,4.659,4.171,0.753,-1.200,-0.224,4.171,9.054,10.518,8.077,2.706,-2.665,-4.618,-3.153,-0.712,1.241,1.241,1.241,1.729,2.706,3.682,3.194,2.706,3.194,6.124,11.007,14.425,13.448,7.589,0.264,-2.665,-1.200,4.171,7.589,7.100,4.659,3.682,6.124,9.542,10.518,9.054,6.124,5.147,5.636,6.612,6.612,6.124,6.124,7.589,8.565,5.636,-0.712,-7.060,-9.501,-6.083,0.753,6.612,8.077,6.124,2.218,-0.224,-1.689,-3.153,-4.130,-5.595,-4.618,-1.200,4.171,9.054,12.472,14.913,16.378,18.819,19.796,18.819,14.425,9.054,6.612,9.054,14.913,20.772,22.725,20.284,15.401,11.007,8.077,6.124,3.194,0.753,-0.712,1.241,5.636,9.542,8.565,3.682,-1.689,-2.177,2.706,10.030,12.960,10.518,3.682,-0.712,0.264,5.147,9.054,8.565,5.147,1.729,1.729,4.171,6.612,7.589,5.636
31,X,14,-9.664,-4.781,-1.363,-1.851,-4.781,-5.269,-0.875,4.496,5.473,1.078,-5.269,-6.246,-1.851,4.496,5.473,0.590,-6.734,-11.617,-13.570,-14.547,-16.500,-17.965,-17.476,-14.547,-10.152,-6.246,-2.828,0.102,2.055,3.520,4.985,6.938,10.356,13.774,15.238,13.774,11.820,10.844,9.379,6.449,1.567,-3.316,-4.781,-3.316,-1.363,-2.340,-6.246,-8.199,-6.734,-2.828,0.102,-0.387,-2.340,-4.293,-5.269,-5.269,-5.269,-3.316,0.590,5.961,10.356,11.332,9.867,7.914,6.938,5.473,3.520,1.567,2.055,5.961,10.356,12.797,13.285,13.285,12.797,10.844,7.426,3.520,2.543,5.961,10.356,12.309,11.820,12.797,17.192,24.516,28.422,25.981,19.633,14.262,13.285,14.750,14.750,12.309,11.332,14.750,21.098,25.981,27.445,25.492,24.028,23.051,22.074,19.145,15.727,14.262,14.750,16.703,17.680,17.680,16.703,15.238,12.797,8.891,5.473,4.496,5.961,6.938,6.449,5.473,6.938,11.820,15.727,15.727,11.820,7.914,7.426,10.844,13.774,14.750,13.774,13.285,12.797,10.844,7.914,5.473,7.426,13.774,19.633,20.121,16.215,12.309,11.820,13.285,13.774,10.356,6.449,4.985,6.449,8.891,9.867,9.867,10.356,12.309,13.774,13.285,10.356,6.938,4.496,3.031,3.031,5.961,10.356,14.750,15.238,11.820,7.914,7.914,12.309,17.192,18.168,15.238,11.332,11.332,14.262,17.680,19.145,18.656,18.656,19.145,18.656,16.215,13.774,12.797,14.262,16.703,18.656,21.098,25.492,30.863,33.793,32.328,28.422,25.492,26.469,30.375,33.793,34.770,35.258,36.235,37.211,37.699,36.723,36.235,36.723,37.699,37.211,35.258,34.281,36.235,39.164,38.188,30.863,21.586,17.192,20.121,27.445,30.863,28.422,23.539,21.098,23.539,27.934,31.352,31.352,29.399,26.957,24.516,23.051,22.563,22.074,20.121,14.262,6.449,1.078,1.567,8.403,16.215,20.121,19.633,17.192,14.750,13.285,11.332,9.379,7.426,7.914,8.403,7.914,5.961,5.473,7.914,14.262,20.610,24.028,23.051
32,AF7,14,-3.092,-4.069,-6.022,-6.999,-5.534,-2.604,0.814,2.767,3.255,2.279,0.814,-1.139,-3.581,-4.557,-4.069,-2.604,-2.116,-4.069,-9.440,-14.323,-16.764,-17.253,-16.276,-14.811,-11.882,-6.510,0.326,6.185,8.138,8.138,7.650,10.091,13.997,15.951,13.021,6.673,0.326,-1.628,1.302,5.208,6.185,2.767,-3.092,-6.999,-7.487,-5.046,-2.604,-1.628,-2.604,-2.604,-1.628,-0.163,0.814,-0.651,-2.116,-2.604,-1.139,1.790,4.232,6.185,6.673,6.185,5.208,3.743,2.279,2.767,4.720,7.650,9.115,8.138,5.697,4.232,4.720,5.697,6.185,5.208,3.743,3.255,3.743,6.185,8.138,10.091,11.556,11.068,10.091,8.626,7.161,6.673,7.650,6.673,4.720,1.790,0.326,1.790,5.697,9.603,11.556,10.579,9.115,8.138,8.626,9.603,9.603,8.138,7.161,7.161,7.650,7.650,6.673,4.720,1.790,-0.651,-3.581,-5.046,-6.022,-5.534,-3.581,-1.139,0.814,1.302,0.326,-1.139,-1.628,-1.628,-0.651,-0.163,-0.651,-1.139,-1.139,-0.163,0.814,1.302,1.790,1.790,1.790,2.279,1.302,-0.163,-0.651,0.814,3.743,6.673,7.650,5.208,1.302,-1.628,-2.116,-1.628,-1.628,-2.604,-3.581,-4.557,-3.581,-1.628,-0.651,-1.139,-2.604,-4.069,-3.581,-3.581,-4.557,-6.999,-9.440,-8.952,-5.534,-1.139,1.790,1.302,-0.651,-1.628,-0.163,3.255,5.208,5.697,3.743,1.790,0.814,1.302,2.767,4.720,7.161,8.626,9.115,8.138,6.673,6.185,8.138,11.068,13.997,14.974,14.486,13.021,12.044,11.068,11.068,11.068,11.556,12.533,13.509,13.997,14.486,13.997,13.509,13.021,12.533,13.021,14.486,15.951,16.927,16.439,14.486,12.044,10.091,8.138,7.161,6.185,6.673,7.161,8.626,9.115,8.138,7.161,7.161,9.115,12.044,14.486,15.462,14.486,13.997,13.021,11.556,8.138,3.255,-1.139,-3.092,-3.092,-1.139,1.302,3.255,4.232,3.743,2.767,1.302,0.326,0.326,0.814,0.814,0.814,1.302,2.767,5.208,7.650,9.603,10.579,10.091,8.626
33,AF8,14,-10.498,-4.639,2.197,6.104,5.127,1.221,-3.174,-5.615,-5.127,-3.662,-3.174,-3.174,-3.174,-2.686,-0.732,0.732,-0.244,-3.174,-7.568,-11.475,-12.451,-11.475,-9.521,-8.057,-7.568,-7.568,-6.104,-2.197,2.686,7.080,10.010,11.475,12.939,14.893,16.357,15.869,11.963,8.057,5.615,6.104,8.057,7.568,3.662,-0.732,-2.686,-1.221,1.709,2.686,0.732,-1.221,-1.709,-0.244,0.732,-0.244,-3.174,-4.639,-2.686,2.686,8.057,11.963,13.428,12.451,10.498,6.592,2.686,1.221,3.662,8.057,11.963,13.428,12.451,10.010,8.057,6.104,3.662,0.732,-1.221,-1.221,1.221,4.150,5.615,5.615,6.592,8.545,10.498,11.475,9.521,6.104,3.174,3.174,5.615,9.521,11.963,12.939,12.451,11.475,10.498,9.521,8.545,8.545,10.010,11.475,12.451,11.475,8.057,4.639,3.662,5.615,9.033,11.963,11.475,8.545,4.639,1.709,1.221,2.197,4.150,6.104,7.568,8.545,9.033,10.010,10.986,11.963,11.963,10.498,8.057,6.104,5.127,5.615,6.592,7.080,6.104,4.639,3.662,4.639,6.592,9.033,11.475,11.963,11.963,11.475,11.475,10.986,9.521,6.592,2.686,-0.732,-3.174,-2.686,0.244,4.150,7.080,8.545,8.057,5.615,3.174,1.221,1.221,2.686,4.639,6.104,6.592,6.592,6.104,6.104,6.592,6.104,6.104,7.080,9.033,10.986,11.475,10.986,10.498,10.498,10.498,9.521,8.057,7.080,8.057,11.475,13.916,13.428,10.498,9.033,10.498,14.404,17.334,17.334,14.404,11.963,10.986,11.963,11.963,10.986,10.498,12.451,15.869,18.311,19.287,17.822,16.357,15.381,14.893,13.428,10.498,8.545,9.033,10.986,12.939,12.939,10.498,5.615,0.732,-1.709,0.244,4.639,9.033,11.963,13.428,13.428,14.404,14.404,13.916,11.963,9.521,8.545,8.545,9.033,8.057,5.127,2.197,0.244,0.244,0.732,2.197,4.150,6.592,8.545,7.568,4.639,0.244,-1.709,-0.732,2.197,4.639,5.127,4.639,5.615,8.057,10.498,12.451,12.451,11.475,10.010
34,F5,14,-0.936,-0.448,-2.401,-4.354,-3.866,-0.448,2.970,4.435,2.970,0.041,-1.912,-1.912,-0.936,0.041,-0.448,-1.912,-3.866,-5.819,-7.284,-9.237,-11.190,-12.655,-12.166,-9.237,-5.330,-1.424,1.994,3.947,4.924,5.900,7.365,9.318,10.783,11.271,9.806,6.388,2.970,1.017,1.506,2.482,3.459,1.994,-0.936,-3.377,-3.866,-1.912,0.041,0.041,-1.912,-2.401,-1.912,0.041,1.506,1.506,0.041,-0.448,0.041,1.994,3.459,4.435,4.924,4.924,5.412,4.924,3.947,2.970,2.970,3.459,4.435,5.412,5.900,6.388,5.900,4.435,2.970,1.017,0.041,0.041,1.994,4.435,7.853,9.806,10.295,8.830,6.388,3.947,2.482,2.970,3.947,4.435,3.947,3.459,3.459,3.947,4.924,4.924,4.924,5.412,6.877,8.341,9.318,8.830,6.388,3.459,1.506,1.506,1.994,3.459,4.435,4.435,2.970,0.041,-3.866,-6.307,-6.795,-5.819,-3.377,-0.936,-0.448,0.041,0.041,0.041,0.041,-0.936,-2.401,-3.866,-3.866,-3.377,-1.912,-0.936,-0.936,-0.448,0.529,1.506,1.994,1.506,1.017,1.017,1.506,1.506,1.506,0.041,-0.936,-0.448,0.529,1.994,1.994,0.041,-1.912,-3.866,-4.842,-5.330,-5.330,-4.354,-3.377,-2.889,-2.889,-4.354,-5.330,-5.330,-4.842,-3.866,-4.354,-4.354,-3.866,-2.401,-0.936,-0.448,-1.424,-1.424,-0.448,1.017,2.970,2.970,1.994,1.017,0.529,0.529,1.506,3.459,5.900,8.341,8.830,7.853,5.412,3.459,3.459,5.900,8.830,10.783,10.783,9.806,8.341,7.365,7.365,8.341,8.830,9.318,9.806,10.295,10.783,11.271,10.295,7.853,4.924,3.459,3.947,6.388,8.830,10.295,9.806,7.853,4.924,3.459,2.970,3.947,5.900,7.365,7.365,5.412,2.970,2.482,3.947,7.365,10.783,11.759,11.271,10.295,9.318,8.341,6.388,3.459,0.041,-1.912,-2.401,-1.912,-0.448,1.017,2.970,4.924,4.924,3.459,0.529,-2.401,-2.889,-1.912,-0.448,1.017,1.994,2.970,5.412,8.830,11.271,12.248,11.759,9.806
35,F6,14,-7.721,-4.791,-1.373,1.556,3.998,4.974,2.533,-1.373,-5.280,-6.256,-4.791,-0.885,1.556,2.533,0.580,-2.350,-5.280,-6.744,-7.721,-8.209,-8.209,-8.209,-8.209,-6.744,-5.280,-3.815,-2.838,-1.862,0.580,4.486,9.369,13.275,15.717,15.228,13.275,10.834,8.392,6.927,5.951,5.463,5.951,5.463,3.998,2.045,0.092,0.092,1.068,2.045,2.533,1.556,2.045,2.533,2.533,0.580,-2.350,-4.791,-3.326,0.580,5.463,9.369,10.834,10.345,9.369,7.416,5.951,5.951,6.927,7.904,9.369,9.857,9.369,7.904,5.463,3.021,0.580,-0.885,-1.862,-1.373,0.092,1.556,3.510,5.463,6.927,7.904,7.904,7.416,6.439,6.439,5.951,4.486,3.998,3.998,5.951,8.881,11.322,11.810,10.834,8.881,7.416,7.416,8.392,8.881,8.392,6.927,4.974,3.021,3.021,3.998,5.951,7.416,7.416,5.951,3.998,2.533,1.556,1.556,2.045,3.998,5.951,7.904,8.392,7.904,6.439,6.439,6.927,7.904,6.927,4.974,3.021,3.510,4.486,6.439,7.416,7.416,7.416,7.904,8.392,7.416,5.951,3.998,2.533,2.045,3.510,4.486,5.463,4.486,3.021,0.580,-0.885,-1.373,-0.885,0.580,2.045,3.021,3.021,2.045,0.092,-0.885,-0.397,2.533,4.974,6.927,6.439,4.486,3.021,3.510,3.998,4.974,4.974,4.974,5.463,7.904,10.834,11.810,10.834,8.392,5.951,4.486,4.974,6.439,8.392,9.857,9.857,8.881,7.416,7.416,8.392,10.345,11.322,12.299,11.810,12.299,11.322,10.345,9.369,8.392,9.369,11.322,12.299,13.275,13.275,13.275,12.787,10.834,7.904,5.463,4.486,5.463,7.904,8.881,7.904,6.439,4.974,3.998,3.021,2.533,2.533,3.510,5.463,7.416,8.392,9.369,10.834,12.299,13.275,11.810,9.857,7.904,6.927,6.927,5.951,4.486,2.533,1.068,1.068,2.045,3.510,4.974,5.951,7.416,8.392,8.392,6.439,3.998,1.068,0.092,0.580,2.533,5.463,8.392,10.834,12.299,12.787,12.787,11.810,9.369
36,FT7,14,-1.892,-5.310,-8.240,-7.751,-4.822,-1.404,0.549,1.526,3.479,3.967,2.014,-2.380,-3.845,-0.916,2.991,2.991,-2.869,-10.193,-13.123,-12.634,-12.146,-13.611,-14.099,-8.728,0.549,7.874,7.385,2.014,-0.427,2.991,8.362,9.827,4.944,-0.916,-2.380,2.991,8.850,10.315,6.409,0.549,-3.357,-4.333,-4.333,-3.845,-2.869,-0.916,-0.916,-3.357,-7.751,-8.728,-4.333,2.014,5.432,4.944,1.526,-0.916,-1.892,-0.427,2.014,4.456,5.920,2.991,-1.892,-5.310,-3.357,3.479,9.338,10.315,6.409,2.502,2.014,4.456,6.409,6.409,5.432,4.456,4.944,4.944,4.456,4.944,7.385,10.803,12.756,11.780,7.874,3.967,2.502,2.502,3.479,3.967,4.456,5.432,6.409,5.920,4.456,3.967,5.920,8.850,10.803,10.803,9.338,7.385,6.409,4.944,2.991,1.526,1.526,2.502,3.967,2.502,0.061,-3.357,-5.798,-5.310,-3.357,-0.427,2.502,4.456,4.456,2.991,0.549,-1.404,-1.404,0.061,1.526,2.014,1.526,1.038,0.549,0.061,-0.916,-1.892,-0.916,1.526,2.991,2.502,1.526,2.014,4.944,7.385,6.897,4.944,2.991,3.967,6.409,6.409,3.479,-0.916,-3.357,-2.869,-1.404,-1.404,-1.404,-0.427,0.549,1.038,0.061,-1.892,-1.892,-1.404,-2.380,-5.310,-5.798,-2.869,3.479,8.362,7.385,2.502,-0.916,1.038,6.409,10.803,10.803,7.385,3.967,2.991,3.479,3.967,4.944,5.920,7.385,7.874,6.897,5.432,5.920,9.338,12.756,13.245,10.803,7.385,5.920,5.920,5.920,4.456,2.991,2.991,4.456,4.944,5.432,6.897,10.803,14.709,14.221,9.338,4.944,4.944,9.338,12.756,11.780,8.850,7.874,8.362,7.385,3.967,1.526,3.479,8.850,11.780,8.850,2.014,-0.916,3.479,11.780,17.151,16.174,12.756,11.780,13.245,13.733,11.292,7.385,3.967,2.991,3.479,3.967,3.479,3.967,4.944,6.409,5.432,2.502,-0.916,-1.404,2.014,7.385,9.827,8.850,5.432,3.479,3.967,5.920,7.874,9.827,11.780,12.756,11.780
37,FT8,14,-4.445,-3.469,0.437,2.879,1.902,-2.981,-6.399,-3.469,3.367,7.273,4.832,-0.539,-2.981,-0.539,1.902,0.437,-4.934,-9.328,-10.793,-8.840,-7.375,-6.887,-7.375,-6.887,-6.399,-5.910,-5.422,-2.492,2.391,7.273,9.715,11.180,13.133,16.062,17.039,13.621,6.297,0.926,0.437,3.855,6.785,5.809,2.879,1.414,2.391,3.855,3.367,0.437,-1.516,-1.516,-1.027,-2.492,-4.445,-4.445,0.926,7.273,10.691,8.250,4.832,4.832,7.762,9.226,6.785,3.855,3.367,7.273,10.691,9.226,3.855,-0.539,1.414,7.762,12.644,12.644,7.273,1.414,-1.027,0.437,2.879,3.855,3.367,3.855,6.785,11.180,13.621,13.621,9.715,5.809,3.367,3.855,7.762,12.644,16.551,17.039,15.086,13.133,13.133,13.621,12.644,10.691,8.738,8.738,9.226,9.226,7.273,4.832,3.855,4.832,6.785,9.715,13.133,15.574,15.086,11.180,6.785,4.344,5.320,7.762,10.203,11.180,11.668,11.668,12.156,12.156,12.156,11.668,11.668,12.644,12.156,10.203,7.762,7.273,8.250,8.738,8.250,5.809,5.809,8.738,12.156,12.644,9.715,6.785,6.297,7.273,7.273,4.344,0.926,1.902,6.297,10.203,10.203,6.785,4.832,5.809,7.273,5.320,0.437,-2.004,0.437,7.273,13.621,16.062,14.598,12.156,10.691,11.668,11.668,9.715,7.273,6.785,9.226,11.668,13.133,12.644,12.156,12.644,12.156,10.203,7.762,7.762,8.250,7.762,5.320,4.344,6.785,12.644,17.039,17.527,14.598,13.133,13.133,12.644,10.203,7.273,7.762,11.668,14.109,11.668,6.297,4.344,8.738,14.598,15.574,10.203,3.855,3.367,8.250,12.644,12.644,9.226,6.785,6.785,6.297,3.367,-0.051,-0.539,2.879,7.273,10.203,9.715,8.738,10.203,13.621,16.062,17.039,15.574,13.621,11.668,10.691,9.715,8.250,6.297,4.344,3.367,3.367,5.809,8.250,10.203,10.203,8.738,6.785,6.785,8.738,10.691,10.203,7.273,4.344,5.320,10.203,15.086,16.551,14.598,12.156,11.180,11.668,11.668
38,FPZ,14,-3.947,-5.412,-3.947,0.448,4.354,3.377,-0.041,-2.482,-1.994,-0.041,-1.017,-3.459,-4.924,-3.459,-1.017,-1.506,-4.924,-8.830,-10.295,-10.295,-11.759,-13.224,-14.201,-11.271,-5.900,-1.506,-0.041,0.448,2.889,8.260,13.143,15.584,16.073,15.096,13.143,9.725,5.819,3.377,3.377,3.866,2.889,-0.529,-3.459,-3.947,-2.970,-2.482,-4.435,-6.388,-5.900,-3.459,-0.529,-1.506,-4.924,-7.365,-6.388,-2.482,1.424,4.354,6.307,7.772,9.237,7.772,5.330,2.401,2.401,4.354,6.795,7.772,7.772,6.795,6.795,6.307,4.354,1.912,-0.529,-0.529,-0.041,0.936,1.912,3.866,6.795,9.237,8.748,7.284,5.819,6.307,7.772,6.307,2.889,0.448,1.424,5.819,10.213,10.701,8.748,6.795,8.260,10.701,12.166,11.190,10.701,10.701,10.701,9.725,7.284,6.307,7.284,9.237,9.237,6.795,3.377,1.424,1.424,1.424,-0.041,-1.506,-0.041,3.377,7.284,8.260,6.307,3.866,2.889,3.377,3.377,1.912,0.448,0.936,2.889,4.354,4.354,3.377,2.889,2.889,1.912,0.936,1.424,3.866,6.307,6.795,4.354,2.401,1.424,2.889,4.354,3.377,0.936,-1.017,-1.506,-1.017,-1.017,-1.017,0.448,2.889,4.354,2.401,-1.506,-4.435,-4.435,-1.506,0.448,-0.041,-1.994,-2.970,-1.506,-0.041,-0.529,-1.506,-1.506,1.424,5.819,8.260,7.772,6.307,5.330,5.330,3.866,2.889,3.377,6.795,10.213,10.213,7.284,4.354,5.330,9.725,12.655,13.143,12.655,13.143,15.584,16.561,14.608,11.190,11.190,15.096,19.491,19.979,17.049,15.096,17.537,20.955,21.932,17.537,12.655,11.678,14.608,17.049,16.561,14.119,11.678,11.190,9.725,7.284,4.842,4.842,8.260,10.213,10.213,7.772,7.284,10.213,13.631,14.608,12.166,10.213,11.190,14.119,14.608,10.213,3.866,-1.506,-2.970,-2.970,-2.970,-3.459,-1.994,2.401,5.819,6.795,4.842,1.424,-0.041,-0.529,-1.017,-2.482,-3.459,-1.506,1.912,5.819,7.772,9.237,11.190,13.143,13.143,11.190
39,FC4,14,-4.781,-3.316,0.102,4.985,6.938,4.985,1.078,-1.363,-0.875,0.590,0.102,-2.340,-4.293,-3.805,-2.340,-2.828,-3.805,-5.269,-4.293,-1.851,-0.875,-1.851,-2.828,-2.340,-0.875,-0.387,-1.363,-1.363,0.102,3.520,5.473,5.473,4.496,4.985,5.961,5.473,3.520,1.078,2.055,4.496,5.961,4.496,2.543,2.055,4.008,5.473,4.008,0.102,-2.340,-1.363,1.567,2.543,-0.387,-4.293,-5.758,-3.316,0.590,3.031,3.520,3.520,4.985,6.449,6.449,4.496,2.543,2.543,3.520,4.496,4.496,4.008,4.008,4.496,3.520,1.078,-1.363,-2.828,-1.851,-0.875,-1.363,-1.363,0.102,3.031,4.008,2.055,-0.387,-0.387,2.055,4.496,4.496,1.078,-0.875,0.590,4.008,6.449,5.961,4.496,4.008,4.496,4.496,2.543,1.567,2.543,4.008,4.008,1.078,-1.363,-1.363,1.567,4.496,4.008,2.055,1.078,2.055,3.031,2.055,0.590,0.102,2.543,5.473,5.961,4.008,2.055,2.543,4.985,5.961,4.008,1.567,1.078,2.543,3.520,2.543,0.102,-0.387,1.078,3.031,3.031,1.078,-0.387,-0.387,0.102,-0.387,-1.363,-2.340,-2.340,-0.875,-0.875,-1.363,-2.828,-3.316,-2.828,-1.851,-1.851,-1.363,-1.363,-0.875,-1.363,-2.340,-2.340,-0.875,1.567,3.520,3.031,1.567,0.590,1.078,3.031,2.543,1.078,-0.875,-0.387,2.543,5.473,5.473,3.520,2.055,2.543,2.543,2.055,1.567,2.543,4.008,4.496,3.031,0.590,0.102,2.543,4.985,5.961,4.985,4.496,4.985,5.961,5.473,3.031,1.078,2.055,4.008,4.008,2.543,1.567,3.031,5.473,6.938,4.008,0.102,-1.363,0.102,2.055,2.543,0.590,-0.387,-0.387,-0.387,-1.363,-3.805,-4.293,-1.363,2.055,3.520,2.055,1.078,3.031,5.473,5.961,3.520,0.590,0.102,2.055,2.055,-0.387,-3.316,-4.293,-2.340,-0.387,-0.387,-1.363,-1.363,1.078,3.031,3.031,1.078,-0.875,-1.851,-1.851,-2.340,-2.828,-2.340,-0.387,2.055,3.031,2.543,2.055,3.031,4.008,4.008,2.055
40,FC3,14,-2.492,-2.004,-2.981,-3.957,-3.469,-0.539,1.902,3.367,2.879,1.414,-0.539,-1.516,-1.516,-1.516,-2.004,-2.492,-3.469,-5.422,-6.399,-7.375,-7.375,-7.375,-6.399,-4.934,-2.004,0.437,2.391,2.879,1.902,1.414,1.414,2.391,3.367,2.879,1.902,0.437,-1.027,-1.027,-0.051,0.926,0.926,-0.539,-2.004,-3.469,-2.981,-1.516,-0.539,-0.051,-1.027,-1.516,-1.516,-0.539,-0.539,-0.539,-1.027,-1.027,-0.539,0.437,0.926,1.414,1.414,0.926,0.437,-0.539,-1.516,-2.004,-1.027,-0.051,0.926,0.437,-0.051,-0.051,0.437,0.926,0.437,-0.539,-1.027,-1.027,-0.051,1.414,2.391,2.879,3.367,3.367,2.879,1.414,0.437,-0.051,-0.051,-0.051,-0.051,0.437,0.437,1.414,1.902,1.414,0.926,0.926,1.414,2.391,2.879,2.391,1.414,-0.539,-1.516,-1.516,-1.027,-0.051,0.437,-0.539,-2.004,-4.445,-6.399,-6.887,-6.399,-5.422,-3.957,-2.492,-2.492,-2.492,-2.981,-3.469,-3.469,-3.469,-4.445,-5.422,-5.910,-5.422,-4.934,-3.957,-3.469,-2.981,-2.981,-2.492,-2.492,-2.492,-2.981,-3.469,-3.957,-2.981,-2.492,-2.004,-2.004,-2.492,-2.492,-2.492,-2.492,-2.981,-3.469,-4.934,-5.910,-6.399,-6.887,-6.399,-5.910,-5.422,-5.910,-6.399,-6.399,-6.399,-5.422,-5.422,-5.422,-5.422,-4.934,-3.469,-2.004,-1.516,-2.492,-3.469,-3.469,-2.492,-1.027,-0.539,-1.027,-2.492,-2.492,-2.492,-1.516,-0.051,0.926,2.391,2.391,1.414,-0.051,-1.516,-1.516,0.437,2.879,3.855,4.344,3.367,2.391,2.391,1.902,2.391,1.902,1.902,1.902,2.879,4.344,4.832,4.344,2.391,0.437,-1.027,-0.539,0.437,1.902,2.391,1.902,0.926,-0.051,-1.027,-1.027,-1.027,-0.539,0.437,0.437,-0.051,-1.516,-2.004,-1.516,0.437,2.391,3.367,2.879,1.902,0.926,0.926,0.437,-0.051,-1.027,-2.004,-2.981,-3.469,-3.957,-4.445,-3.957,-3.469,-3.957,-4.445,-4.934,-4.445,-3.957,-2.981,-2.492,-2.004,-2.004,-2.492,-2.004,-0.539,0.926,2.879,3.855,3.367
41,C6,14,-5.015,-1.597,2.309,5.239,6.215,4.751,1.333,-2.085,-3.550,-2.574,-0.621,1.333,1.821,1.821,0.844,-0.132,-1.109,-2.574,-4.527,-5.015,-5.015,-4.038,-3.550,-3.062,-4.038,-4.527,-4.527,-3.550,-1.109,2.309,5.727,9.145,10.610,10.610,9.145,6.215,2.797,0.356,-0.132,1.333,2.309,2.797,1.821,0.356,0.356,1.333,2.309,2.797,1.821,0.844,0.356,0.844,0.844,0.356,-0.621,-1.109,-0.132,1.333,3.286,4.751,5.727,5.727,6.215,6.215,5.727,5.239,4.751,3.774,3.774,4.262,5.239,6.215,6.215,6.215,5.239,3.774,2.797,1.821,0.356,-0.621,-1.109,0.356,3.286,6.704,8.657,9.145,8.169,8.169,8.169,8.169,7.192,6.215,5.727,6.215,7.192,8.657,9.633,9.145,8.169,7.680,7.192,7.192,6.704,5.727,4.751,4.262,4.751,6.215,7.680,8.169,7.192,5.727,5.239,5.239,6.215,6.215,6.215,5.727,6.215,7.192,7.680,8.169,8.657,9.145,10.122,10.122,10.122,9.145,9.145,8.657,7.680,6.215,4.751,4.262,5.239,6.704,7.192,6.215,3.774,2.309,1.333,1.821,1.821,2.309,1.821,1.333,0.356,-0.132,-0.132,1.821,3.774,4.751,4.751,3.286,1.821,1.821,2.797,2.797,2.309,2.309,3.286,5.239,7.680,9.145,8.657,7.680,6.704,6.704,6.704,5.239,3.774,3.774,5.239,8.169,10.122,9.633,7.192,4.751,3.774,5.239,6.215,6.215,4.262,2.797,2.797,5.239,8.169,10.122,11.098,10.610,10.610,10.122,9.145,7.192,3.774,1.821,1.821,3.774,6.215,6.704,6.215,4.751,3.774,4.262,3.774,3.286,2.309,2.309,3.774,5.727,6.704,5.727,3.286,0.356,-1.109,-0.621,1.333,3.774,5.239,6.215,7.192,9.145,11.098,12.563,11.098,8.657,5.727,4.262,4.262,3.774,3.286,1.333,0.356,0.356,2.309,4.751,6.704,7.680,8.169,7.680,6.704,6.215,5.239,4.751,4.751,5.239,5.239,5.239,5.239,5.727,7.192,9.145,9.633,8.657,6.215,3.286
42,C5,14,-3.113,-2.625,-3.113,-3.601,-3.113,-2.136,-0.671,0.305,0.793,0.793,0.305,-0.183,-0.671,-1.160,-0.671,-0.671,-1.648,-3.601,-6.042,-7.996,-7.996,-6.531,-5.066,-3.113,-1.160,0.305,1.282,1.770,1.282,0.305,0.305,0.793,1.770,1.282,0.305,-2.136,-3.601,-4.089,-3.113,-1.160,-0.671,-1.648,-3.113,-4.578,-4.089,-2.625,-1.648,-1.648,-2.136,-2.136,-1.648,-0.671,0.305,0.305,-0.183,0.305,0.793,0.793,0.305,-0.671,-1.648,-2.136,-3.113,-4.089,-4.089,-3.601,-1.648,0.305,1.770,2.258,1.770,1.282,1.770,2.258,2.747,2.258,1.282,0.793,0.793,1.770,2.258,3.235,3.723,5.188,5.188,4.700,2.747,0.793,-0.671,-1.160,-0.183,0.793,2.258,3.235,3.235,2.747,2.747,2.258,2.747,3.723,3.723,3.235,1.282,-0.671,-2.136,-2.136,-1.160,0.305,1.770,1.282,-0.183,-2.625,-4.578,-5.554,-5.554,-4.089,-3.113,-2.625,-2.625,-3.113,-2.625,-2.625,-2.136,-2.136,-2.136,-1.648,-1.160,-0.671,-0.671,-0.183,-0.183,-0.671,-0.671,-0.671,-0.671,-1.160,-1.648,-2.136,-1.648,-1.648,-0.671,-0.183,-0.183,0.305,0.305,-0.183,-0.671,-1.648,-2.136,-2.136,-2.136,-2.136,-3.113,-3.113,-3.113,-2.625,-2.625,-3.113,-3.601,-3.601,-3.113,-2.136,-2.136,-1.648,-1.160,0.793,1.282,1.770,0.305,-0.671,-1.160,0.305,2.258,2.747,2.258,0.305,-0.183,0.305,1.770,3.723,5.676,7.141,6.653,4.700,2.747,1.770,2.258,4.211,6.165,6.165,5.188,3.235,2.258,1.770,1.770,1.770,1.770,1.282,1.770,2.747,4.211,5.188,5.188,3.723,2.258,0.793,1.282,2.258,3.723,4.211,4.700,4.211,3.723,3.723,3.723,4.211,3.723,3.235,2.258,1.282,0.793,1.770,4.211,6.653,8.118,8.118,6.653,5.188,4.211,3.723,4.211,4.211,3.723,2.747,2.747,2.258,2.258,1.770,1.282,1.282,1.282,0.305,-0.671,-1.160,-0.183,1.282,2.747,2.747,1.770,0.305,0.305,1.770,4.211,6.165,7.141,6.165
43,F2,14,-4.384,-1.943,0.498,2.452,3.916,4.893,3.428,0.987,-1.943,-3.408,-2.920,-1.943,-1.943,-2.920,-4.384,-5.361,-5.361,-4.873,-4.873,-4.873,-5.361,-5.849,-5.849,-4.873,-3.408,-1.943,-0.478,0.498,1.963,4.893,7.823,10.752,12.217,12.217,10.752,9.288,6.846,5.870,4.893,4.893,5.381,4.405,2.452,0.010,-1.455,-1.455,-1.455,-0.966,-0.966,-0.966,0.010,0.010,-0.966,-3.896,-6.337,-6.826,-4.873,-0.478,3.916,6.846,8.311,7.823,6.358,4.405,2.940,2.452,2.452,3.428,4.405,4.893,3.916,2.452,1.475,-0.478,-2.431,-3.896,-3.896,-3.408,-2.431,-0.966,0.010,0.987,1.475,1.475,0.498,-0.478,-1.455,-1.455,-0.966,-0.966,-1.943,-1.455,0.498,2.940,4.405,4.405,2.940,1.475,0.987,1.963,2.940,3.916,3.916,2.940,1.963,0.987,0.010,0.498,0.987,1.963,1.475,0.498,-0.966,-1.943,-2.431,-1.943,-1.455,0.010,1.475,1.963,1.963,1.475,0.498,-0.478,-0.478,-0.478,-1.455,-2.431,-2.431,-1.455,-0.966,-0.478,-0.478,-0.478,0.010,0.498,0.498,0.010,-0.966,-1.943,-2.920,-3.408,-2.920,-2.431,-1.455,-1.455,-1.943,-3.896,-5.361,-6.337,-6.337,-4.873,-3.896,-2.920,-2.431,-3.408,-5.361,-6.337,-6.337,-4.873,-2.920,-1.455,-1.455,-2.431,-3.408,-3.408,-2.431,-2.431,-2.920,-2.431,-0.966,1.475,3.916,3.428,1.963,0.010,-1.455,-1.943,-0.966,0.498,1.963,3.428,3.916,3.428,2.452,1.475,1.963,2.940,4.405,5.381,6.358,6.358,6.358,5.381,4.405,3.916,4.405,4.893,5.870,5.870,6.358,6.358,5.870,4.893,2.452,0.498,0.010,0.987,2.452,1.963,0.498,-1.455,-3.408,-3.896,-4.384,-3.408,-2.431,-0.966,0.498,0.987,0.498,0.498,0.498,1.475,1.963,1.963,1.963,0.987,0.987,0.010,-1.455,-3.408,-5.361,-5.849,-6.337,-5.849,-5.361,-4.873,-3.896,-2.431,-1.455,-1.455,-2.920,-3.896,-5.361,-6.337,-6.337,-5.361,-3.896,-1.455,0.987,3.428,5.381,5.870,5.870,4.405
44,F1,14,-3.326,-1.373,0.092,0.580,1.556,3.021,3.998,3.998,2.533,0.580,-0.885,-1.862,-1.862,-1.862,-1.862,-2.838,-3.326,-4.303,-5.280,-5.280,-6.256,-7.233,-7.721,-7.233,-4.791,-1.862,1.068,3.021,4.486,5.463,6.927,8.881,10.345,11.322,10.345,8.881,6.927,5.463,4.486,4.486,3.998,3.021,1.068,-0.885,-2.350,-2.350,-1.862,-0.885,-0.885,-1.373,-0.885,-0.885,-0.885,-1.373,-1.862,-2.838,-2.350,-0.397,2.045,3.998,5.463,5.463,4.974,3.510,2.533,2.045,2.045,2.533,3.021,3.021,2.533,2.045,1.068,0.092,-0.885,-1.862,-2.350,-2.350,-1.373,0.092,1.556,3.021,3.510,3.021,2.045,0.092,-0.885,-1.373,-0.885,-0.885,-0.885,-0.885,-0.397,1.068,2.045,2.533,2.045,1.068,1.068,1.556,3.021,3.998,3.998,3.510,2.533,1.556,1.068,1.068,1.556,1.068,0.092,-1.862,-2.838,-3.815,-3.815,-3.326,-2.350,-1.373,-0.397,0.092,-0.397,-0.885,-1.862,-2.838,-3.326,-4.303,-4.791,-4.791,-4.303,-3.815,-2.838,-2.350,-1.862,-1.862,-1.373,-1.862,-2.350,-2.350,-2.350,-1.862,-1.862,-2.350,-2.350,-2.350,-1.862,-1.373,-1.862,-2.838,-4.303,-5.768,-6.744,-6.744,-6.256,-5.280,-4.791,-4.791,-5.280,-6.744,-7.233,-7.233,-6.256,-5.280,-4.791,-4.791,-5.280,-5.280,-4.791,-4.791,-4.303,-3.815,-2.838,-1.373,-0.397,0.092,-0.397,-1.862,-2.838,-3.326,-2.350,-0.885,1.556,2.533,3.510,3.021,1.556,1.068,0.580,1.068,2.533,4.486,5.463,6.439,5.951,5.463,4.486,4.486,4.486,4.974,5.951,6.927,6.927,7.416,5.951,4.486,2.045,0.580,0.580,1.556,2.533,3.021,2.045,0.092,-1.862,-3.326,-3.815,-3.326,-1.373,0.092,0.580,0.092,-1.373,-2.350,-2.350,-0.397,1.556,3.021,3.021,2.533,2.045,1.556,0.092,-1.373,-3.815,-5.280,-6.256,-6.744,-6.256,-5.280,-4.303,-3.326,-2.838,-2.838,-3.815,-4.791,-5.768,-5.768,-5.280,-4.303,-3.815,-1.862,-0.397,2.045,3.998,5.463,6.439,4.974
45,TP8,14,-7.548,0.264,9.542,12.472,6.612,-3.153,-8.525,-5.595,3.682,11.495,12.472,6.612,-0.712,-4.618,-2.665,1.729,4.171,2.218,-3.153,-7.548,-8.036,-4.130,1.241,5.147,5.636,2.706,-0.712,-2.177,-0.712,3.194,7.589,10.030,10.518,10.518,11.983,15.889,19.796,20.284,14.425,5.147,-2.665,-5.595,-1.689,3.682,8.077,8.077,5.636,2.218,-0.712,-3.153,-6.083,-8.036,-7.548,-4.618,1.241,7.589,11.983,13.448,11.495,7.589,2.706,-2.177,-4.618,-4.130,-0.224,7.100,14.913,19.796,17.354,10.518,3.194,0.264,3.682,9.542,11.983,8.565,1.241,-3.642,-1.689,6.612,15.889,20.284,18.331,12.472,8.077,7.589,10.518,12.472,11.983,8.565,5.636,5.636,8.565,13.936,18.331,20.284,20.772,19.307,17.354,14.913,11.983,9.054,6.124,4.171,4.171,5.636,7.589,9.054,10.518,12.472,14.913,17.354,17.843,16.378,13.936,11.495,11.495,12.472,12.472,11.495,9.542,9.054,10.518,13.448,14.913,14.425,12.960,11.495,11.983,11.983,11.007,8.565,5.636,5.636,8.077,10.518,10.518,8.077,4.659,4.171,8.077,12.960,15.401,12.472,6.612,1.241,-0.712,2.218,6.124,10.030,11.983,11.495,9.054,7.100,4.659,3.194,2.218,2.706,5.147,9.542,13.936,16.866,17.354,14.913,11.495,9.054,7.589,7.589,7.589,9.054,11.495,14.425,16.378,15.889,12.472,9.542,8.077,9.542,11.495,12.960,12.472,10.518,9.054,8.565,9.054,10.030,11.983,14.913,17.354,17.354,14.913,9.542,4.171,1.729,3.682,8.565,14.425,17.354,17.354,14.425,10.030,6.612,4.659,4.659,6.124,9.054,11.495,13.448,13.448,11.983,10.030,9.054,8.077,6.124,2.706,-0.712,-0.712,4.171,13.448,22.725,28.097,28.097,22.725,16.378,11.495,9.054,9.542,11.495,14.425,17.354,17.843,14.913,9.054,3.682,1.729,4.171,10.518,17.354,21.261,21.261,17.354,12.960,8.565,6.612,7.100,8.565,11.007,13.448,15.401,17.354,18.331,17.354,14.425,11.007,8.565,8.077
46,TP7,14,-10.213,-7.772,-4.354,-1.912,0.529,1.017,1.017,0.529,0.041,1.506,3.459,3.947,1.994,-1.912,-4.354,-3.377,-0.448,1.506,-0.448,-6.307,-13.143,-15.096,-12.166,-5.819,-0.448,1.506,1.506,1.994,4.435,7.853,8.830,5.900,0.529,-3.866,-3.866,0.529,5.900,9.318,7.365,2.482,-2.401,-5.819,-6.795,-5.819,-4.354,-1.912,1.506,3.947,4.435,0.529,-5.819,-11.678,-13.631,-9.237,-0.936,7.365,10.783,8.830,2.970,-2.401,-6.307,-6.795,-6.795,-5.819,-3.866,0.041,4.924,7.365,5.412,0.041,-3.377,-2.401,4.435,11.271,13.224,9.318,2.482,-1.912,-1.424,1.506,3.947,3.947,3.459,5.412,9.806,14.201,14.201,8.830,1.017,-3.377,-1.912,4.435,10.295,11.271,6.388,-0.448,-2.889,-0.936,4.435,7.853,7.365,3.459,0.529,0.529,2.970,4.924,4.924,3.459,2.970,4.435,6.388,5.412,1.994,-2.889,-5.819,-5.330,-1.912,1.506,2.482,1.994,0.041,-1.424,-2.889,-5.330,-7.772,-7.284,-3.377,3.459,9.806,11.759,7.365,0.529,-3.866,-4.354,-2.889,-2.401,-3.866,-4.354,-1.424,5.412,11.759,13.224,8.341,0.529,-5.330,-6.307,-3.866,-1.424,0.529,1.506,2.970,4.924,5.412,4.435,1.994,0.529,1.017,2.482,2.482,1.506,0.041,-0.448,0.041,0.041,-0.448,-0.936,-0.448,1.994,6.388,8.830,7.365,2.970,-0.448,0.041,4.924,10.783,13.224,10.783,6.388,3.947,5.412,9.806,13.224,12.736,9.318,6.388,5.412,7.365,9.806,10.295,8.830,5.412,0.041,-6.307,-11.190,-13.631,-9.725,-1.424,9.318,16.154,17.131,11.759,5.412,2.482,4.435,7.853,8.830,6.388,2.482,0.529,2.970,7.853,11.759,11.759,7.853,1.994,-0.936,1.506,7.365,12.248,14.201,12.248,8.830,6.877,7.365,9.806,12.248,11.759,8.830,5.412,2.970,3.947,7.365,11.759,14.201,13.224,8.830,3.947,1.017,0.041,1.017,1.994,2.482,3.947,5.900,7.365,8.830,8.341,6.877,4.435,1.994,0.041,-0.448,2.482,7.853,12.736
47,AFZ,14,-4.567,-2.614,-1.149,0.315,1.780,2.268,2.268,1.292,-0.173,-1.638,-3.103,-3.103,-3.103,-3.103,-3.591,-4.079,-5.056,-5.544,-7.009,-7.985,-9.450,-10.427,-10.427,-9.450,-7.009,-4.567,-1.638,0.804,2.757,5.686,8.128,12.034,14.476,15.452,13.987,11.058,7.640,5.198,4.710,4.222,4.222,2.757,0.804,-1.638,-3.591,-4.079,-4.079,-3.591,-2.614,-2.614,-2.126,-1.149,-1.638,-3.103,-5.056,-6.521,-5.544,-2.126,2.268,6.175,7.640,7.640,6.175,4.222,2.757,2.268,2.757,4.222,5.198,5.686,5.198,3.733,1.780,0.315,-1.149,-2.126,-2.614,-3.103,-2.126,-0.173,1.780,3.733,4.222,3.733,2.268,0.804,0.315,-0.173,-0.661,-1.149,-1.638,-1.149,0.315,2.757,4.710,5.198,4.710,3.245,2.757,3.733,4.710,5.686,5.686,5.198,4.710,3.733,2.757,2.268,2.757,2.757,2.268,0.804,-1.149,-2.614,-4.079,-4.079,-3.103,-1.638,0.315,1.780,2.268,1.780,0.315,-1.149,-2.126,-3.103,-3.103,-3.103,-2.614,-2.126,-1.638,-1.149,-0.661,-0.661,-0.661,-0.661,-1.149,-1.149,-1.149,-1.149,-1.638,-2.126,-2.614,-2.614,-1.638,-1.149,-1.149,-2.614,-4.567,-6.521,-7.009,-6.521,-5.056,-3.591,-3.103,-3.103,-4.567,-6.521,-7.497,-7.497,-6.521,-5.544,-4.567,-5.056,-5.544,-6.032,-6.032,-5.544,-5.056,-4.079,-2.614,-0.661,1.292,2.757,1.780,0.315,-1.638,-3.103,-2.614,-0.661,1.780,3.733,4.222,3.733,2.757,2.268,2.757,4.222,5.686,6.663,7.640,8.128,7.640,7.151,6.663,6.663,7.151,8.128,9.104,9.593,9.593,9.593,9.593,8.616,7.151,5.198,3.733,4.222,4.710,5.686,5.198,2.757,0.315,-2.126,-3.103,-2.614,-0.661,0.804,2.268,2.268,1.780,0.804,1.292,2.757,4.222,5.198,5.686,5.198,4.222,3.245,1.292,-1.638,-5.056,-7.497,-8.474,-7.985,-6.521,-5.056,-3.591,-2.126,-1.149,-0.661,-1.638,-3.591,-5.544,-7.009,-7.009,-6.032,-4.079,-1.638,0.804,3.245,5.686,7.640,8.128,7.151
48,CP3,14,0.509,0.997,1.485,0.509,-0.956,-1.444,-1.444,-0.468,0.997,2.462,2.462,1.973,0.509,0.020,0.509,1.973,2.462,1.973,0.509,-0.956,-1.444,-0.468,0.997,3.438,4.903,5.880,5.880,4.903,3.438,1.485,0.020,-0.468,-0.956,-0.956,-1.933,-2.909,-4.374,-4.374,-3.886,-2.421,-1.444,-1.444,-1.933,-2.421,-1.933,-0.468,0.997,1.973,2.462,2.462,2.462,2.950,2.950,2.950,2.950,3.438,4.415,4.903,3.927,1.973,-0.468,-2.909,-3.886,-3.398,-2.909,-1.933,-0.468,0.509,1.485,2.462,2.950,3.438,4.415,5.391,5.391,5.391,4.903,3.927,2.950,1.973,0.997,0.997,1.973,2.950,4.415,5.391,4.903,3.927,1.485,0.020,0.020,0.997,2.462,3.438,3.927,3.438,2.462,2.462,3.438,3.438,3.438,2.950,1.973,1.485,1.973,2.462,3.438,3.927,3.927,3.927,3.438,2.462,0.509,-1.444,-2.421,-2.909,-1.933,-0.956,-0.468,-0.468,-0.468,0.020,0.509,0.997,1.485,1.485,2.462,2.950,3.927,4.415,3.927,2.950,1.485,0.997,1.485,1.973,2.462,1.973,0.997,0.997,1.485,2.462,3.438,3.927,2.950,1.973,1.485,1.973,1.973,2.950,3.927,3.927,2.950,1.973,0.997,0.509,0.509,0.509,0.997,1.485,1.485,1.973,1.973,2.462,2.462,2.950,2.950,3.927,3.927,3.438,2.462,1.485,0.997,1.485,2.462,3.438,3.438,3.438,3.927,4.903,5.880,7.833,7.833,6.856,5.880,4.903,4.415,4.415,4.903,5.391,4.903,4.415,3.438,2.462,0.997,0.020,-0.468,0.509,1.973,3.927,5.391,5.880,5.391,4.903,4.415,3.927,2.950,2.462,2.462,2.950,3.927,5.391,6.368,6.856,6.368,5.880,4.903,4.415,3.927,3.927,4.415,5.391,6.856,8.321,8.809,8.321,6.856,5.391,3.927,3.438,3.927,4.415,5.391,6.856,7.345,7.345,6.368,5.391,4.903,4.903,5.880,5.880,4.903,3.927,3.438,3.927,4.903,5.391,4.415,3.438,2.462,2.462,3.927,5.391,6.368,6.368
49,CP4,14,-2.146,-0.193,2.248,4.201,3.713,1.272,-1.658,-3.123,-2.635,-0.193,2.248,3.225,3.225,2.736,2.248,2.248,1.760,0.783,-0.193,-0.682,0.295,1.760,3.225,3.225,2.736,1.272,-1.170,-3.611,-4.588,-4.588,-2.635,0.295,2.736,3.225,3.225,2.248,1.272,-0.193,-1.658,-3.611,-4.100,-4.100,-3.123,-2.146,-1.658,-1.170,-0.193,-0.193,-0.193,-0.682,-0.193,-0.193,0.783,1.272,1.272,1.272,0.783,1.272,1.760,1.760,1.272,0.295,0.783,1.272,2.248,3.713,4.201,4.690,5.178,5.178,5.178,4.201,3.713,2.736,1.760,1.760,1.272,1.760,1.760,1.760,1.760,2.248,2.736,4.201,5.178,5.666,5.666,4.690,4.201,4.201,4.201,4.690,4.690,4.690,4.690,5.666,7.131,8.596,8.596,7.131,5.178,3.713,3.713,4.201,4.201,3.713,2.736,2.248,4.201,7.131,9.084,10.061,8.596,6.154,4.690,4.201,5.178,5.666,6.154,5.666,4.690,3.713,3.225,2.736,3.713,5.178,6.643,8.108,8.108,6.643,4.690,2.736,1.760,1.760,3.225,4.690,4.690,3.713,1.760,0.295,-0.682,-1.170,-0.682,-0.682,-0.682,-0.682,-0.193,-0.193,0.783,1.272,2.736,2.736,2.248,0.783,-0.193,-0.682,-0.682,-0.193,-0.193,0.783,1.272,2.736,4.201,4.690,3.713,2.248,0.783,-0.193,-0.193,0.783,1.272,1.272,1.760,1.760,2.248,3.225,3.713,3.713,2.736,1.272,0.295,-0.682,-0.193,0.295,1.272,2.736,3.713,4.690,5.666,5.666,5.178,3.713,0.783,-1.658,-2.635,-1.658,0.295,1.760,1.760,0.295,-1.170,-2.146,-1.170,0.295,1.272,0.783,-0.682,-1.170,-0.682,1.272,3.225,3.713,3.225,0.783,-1.170,-1.658,-0.193,2.248,5.178,6.154,6.643,7.131,6.643,5.666,3.713,1.760,-0.193,-0.682,-0.682,0.295,0.295,-0.682,-2.146,-2.635,-1.170,1.272,4.201,6.154,6.154,6.154,5.178,4.690,3.713,3.225,2.248,1.760,1.272,1.272,1.272,2.736,3.225,3.713,3.225,2.736,1.760,0.295
50,P5,14,-3.510,-2.045,-0.580,-0.580,-1.556,-3.021,-3.510,-1.556,1.373,3.326,3.326,0.397,-2.533,-4.486,-3.021,-0.092,1.862,1.373,-2.045,-5.463,-6.927,-5.463,-2.045,0.397,2.350,3.815,4.303,3.815,1.862,-0.092,-2.045,-1.556,-0.580,0.397,-0.580,-3.510,-6.439,-7.904,-7.416,-5.463,-4.974,-5.951,-7.904,-8.881,-8.392,-6.439,-3.998,-2.533,-1.556,-2.045,-1.556,-1.068,-0.580,-0.580,-0.092,0.397,2.838,2.838,1.862,-1.068,-5.463,-8.881,-10.345,-9.857,-7.416,-4.486,-3.021,-2.045,-2.045,-2.045,-0.580,1.373,2.838,3.815,3.815,2.838,1.862,0.885,0.397,-1.556,-3.510,-4.974,-4.486,-2.045,1.373,3.815,4.303,1.373,-2.533,-5.463,-5.463,-2.533,0.885,2.838,2.350,-0.092,-1.556,-1.556,-0.092,1.862,2.350,1.373,-0.092,-1.068,-1.068,-0.092,0.397,1.373,2.350,2.838,2.838,0.885,-2.045,-5.463,-7.904,-8.392,-6.439,-3.998,-2.533,-2.533,-3.021,-3.510,-3.998,-3.998,-3.510,-2.533,-1.068,0.397,2.350,3.326,2.838,0.397,-2.045,-3.021,-3.021,-2.045,-1.068,-2.045,-3.021,-4.486,-3.998,-2.045,-0.580,0.397,-0.092,-1.556,-3.021,-3.021,-1.556,0.397,1.373,1.373,-0.092,-2.533,-4.486,-4.974,-4.486,-3.510,-3.021,-2.533,-2.533,-2.533,-2.533,-2.533,-1.556,-0.580,0.885,2.838,3.815,2.838,-0.092,-2.533,-4.486,-4.486,-2.533,-1.068,-0.580,-0.580,-0.092,1.862,4.791,6.744,7.233,5.280,2.838,1.373,0.397,0.885,1.862,2.350,1.862,1.373,-1.068,-3.998,-7.416,-8.881,-8.392,-5.463,-1.068,2.350,3.326,1.862,-0.580,-2.045,-2.533,-2.045,-2.045,-2.045,-2.045,-1.068,1.373,4.303,6.256,6.744,6.256,5.280,4.303,3.326,2.350,1.862,2.350,3.815,6.256,8.209,8.698,7.233,4.791,2.838,0.885,-0.580,-1.068,-1.068,-0.092,2.350,4.303,5.280,3.326,1.373,0.397,1.373,3.326,3.815,2.350,-0.580,-1.556,-0.580,1.373,2.350,1.373,-1.556,-3.510,-3.510,-1.556,1.373,3.326,3.815
51,P6,14,-2.848,0.570,4.964,6.917,5.452,1.058,-3.337,-4.801,-2.848,0.570,3.499,4.964,4.476,3.988,3.988,3.499,2.523,0.081,-1.872,-2.360,-1.383,1.546,3.499,4.964,3.988,2.523,-0.407,-3.337,-4.801,-4.313,-1.383,2.523,5.941,7.406,6.917,5.452,3.988,1.546,-0.895,-3.825,-6.266,-6.755,-5.778,-4.313,-2.360,-1.872,-2.360,-2.848,-2.848,-2.360,-1.872,-1.383,-0.895,-0.407,-0.407,0.081,1.058,1.546,2.523,2.523,2.523,1.058,0.570,0.570,1.058,2.523,4.476,6.917,8.382,9.359,8.870,6.429,3.499,0.570,-0.895,-0.407,0.570,2.035,2.523,2.523,3.499,4.476,6.429,8.382,9.359,8.870,7.406,5.941,4.476,4.476,5.452,6.429,6.429,6.429,6.429,7.894,10.335,12.777,13.753,12.288,9.847,7.894,7.894,8.382,8.870,7.406,4.476,3.011,4.964,9.847,14.730,16.195,14.242,9.847,6.429,4.964,6.429,8.870,10.335,10.335,8.382,5.452,3.499,2.523,3.499,5.941,9.359,11.312,11.312,9.847,6.917,4.476,3.988,4.964,6.917,7.894,7.406,4.964,2.523,1.058,1.058,1.546,2.035,2.035,1.546,1.058,1.058,1.058,2.035,3.499,4.476,4.964,3.988,2.035,0.081,-0.895,-0.407,0.570,2.035,3.011,3.499,4.964,6.917,7.894,6.429,3.988,1.058,0.081,1.058,3.499,5.452,5.452,4.476,3.499,3.499,5.452,7.406,7.894,6.429,3.499,1.058,0.570,2.035,3.988,5.452,5.452,5.452,6.429,8.382,10.335,9.847,6.917,2.523,-0.895,-1.872,0.081,3.499,4.476,3.499,0.570,-2.360,-3.337,-1.383,2.035,3.988,4.476,2.523,0.570,0.570,3.011,6.429,7.894,7.406,4.476,1.546,0.570,3.499,8.870,13.265,15.706,15.218,13.265,11.312,9.359,7.894,5.452,2.523,1.546,2.035,3.499,3.499,2.523,0.570,-0.407,0.570,3.499,7.406,10.335,11.800,11.312,10.335,9.359,8.382,6.917,5.941,4.964,3.988,3.988,4.476,5.941,7.894,9.359,9.359,7.406,4.476,1.058
52,C1,14,0.244,0.244,-0.732,-1.709,-1.709,-0.732,-0.244,0.244,-0.244,-1.221,-1.221,-1.709,-1.709,-1.709,-1.709,-1.709,-1.709,-1.709,-2.686,-2.686,-2.197,-1.709,-1.221,-0.732,-0.244,0.732,1.221,1.221,0.244,-1.221,-1.709,-1.709,-1.221,-1.709,-2.686,-3.662,-3.662,-3.174,-2.686,-2.197,-1.709,-1.709,-2.197,-2.686,-2.197,-1.709,-1.221,-0.732,-1.221,-1.221,-0.732,-0.732,-0.732,-0.732,-1.221,-1.221,-0.732,-0.732,-0.732,-1.221,-1.709,-2.197,-2.686,-3.174,-3.662,-3.662,-2.686,-1.709,-1.221,-1.709,-2.197,-1.709,-1.221,-0.244,-0.244,-0.732,-1.221,-1.221,-0.732,-0.244,-0.732,-1.221,-0.732,-0.732,-0.244,-0.244,-0.732,-1.221,-1.709,-2.197,-2.197,-1.709,-1.221,-0.732,-0.244,-0.732,-1.221,-1.221,-0.732,-0.732,-0.732,-1.221,-1.709,-1.221,-0.732,-0.244,-0.244,-0.732,-1.221,-1.709,-2.197,-2.197,-2.686,-3.174,-3.174,-3.174,-2.686,-2.686,-2.686,-2.686,-2.686,-2.686,-2.686,-2.686,-2.197,-2.197,-2.197,-2.197,-2.686,-2.197,-1.709,-1.221,-1.221,-1.709,-1.709,-2.197,-2.197,-2.686,-2.686,-2.197,-1.221,-1.221,-1.221,-1.709,-1.709,-1.709,-1.709,-2.197,-2.197,-2.197,-2.197,-2.197,-2.197,-2.686,-3.174,-3.174,-2.686,-2.197,-2.197,-2.197,-2.686,-2.686,-2.686,-2.686,-2.197,-1.709,-1.221,-1.709,-2.197,-2.686,-2.197,-1.709,-1.709,-1.709,-2.197,-2.197,-2.197,-1.709,-1.221,-1.221,-0.732,-0.244,0.244,0.244,-0.244,-1.221,-1.709,-2.197,-1.709,-1.221,-0.732,-0.244,-0.732,-0.732,-1.709,-1.709,-2.197,-2.197,-1.709,-1.709,-1.221,-1.221,-0.732,-0.732,-1.221,-1.709,-2.197,-2.686,-2.197,-1.709,-1.709,-1.709,-1.221,-1.221,-1.221,-1.221,-1.221,-1.221,-1.709,-2.197,-2.686,-2.686,-2.686,-1.709,-0.732,-0.732,-1.221,-1.709,-1.709,-1.221,-0.732,-0.244,-0.244,-0.732,-1.221,-1.709,-2.686,-2.686,-2.686,-2.686,-2.686,-3.174,-3.662,-3.662,-2.197,-1.221,-1.221,-2.197,-2.686,-3.174,-2.686,-2.197,-2.197,-1.709,-1.221,-0.732
53,C2,14,-0.509,0.468,0.956,1.444,1.444,1.444,1.444,0.956,0.468,-0.020,-0.020,0.468,0.468,0.468,0.956,0.956,0.956,0.956,0.956,1.444,1.933,2.421,2.421,1.444,0.956,0.468,-0.020,-0.997,-1.485,-1.485,-0.509,0.468,1.444,1.444,1.444,0.956,0.468,0.468,-0.020,0.468,0.956,1.444,1.933,1.933,1.444,1.933,1.933,1.933,0.956,-0.020,-0.020,0.468,1.444,1.444,0.468,-0.509,-0.020,0.468,0.956,1.444,1.444,1.444,1.933,1.933,2.421,2.421,2.421,2.421,2.909,2.421,2.421,2.421,2.421,1.933,1.444,0.468,-0.020,-0.020,0.468,0.956,0.468,-0.020,-0.020,0.468,0.468,0.956,0.956,0.956,0.956,1.444,0.956,0.956,0.956,1.933,1.933,2.421,2.421,1.933,1.933,1.933,1.444,0.956,0.468,0.956,0.956,0.468,-0.020,-0.020,0.956,1.933,2.421,2.909,2.421,1.933,1.933,1.933,1.933,1.444,1.444,1.933,1.444,1.444,0.956,1.444,1.933,2.421,2.909,2.421,1.933,1.444,1.444,1.444,0.468,0.468,-0.020,0.956,1.444,0.956,-0.020,-0.509,-0.997,-1.485,-1.973,-1.485,-1.485,-0.997,-0.509,-0.997,-1.485,-1.485,-0.997,-0.509,-0.509,-0.997,-1.973,-1.485,-0.997,-0.509,-0.020,-0.020,-0.020,0.468,0.468,0.468,-0.020,-0.020,-0.509,-0.509,-0.997,-0.997,-0.509,-0.020,0.468,0.468,0.468,-0.020,-0.020,0.468,-0.020,-0.020,-0.509,-0.997,-0.997,-0.509,-0.509,-0.020,-0.020,-0.020,-0.020,-0.020,-0.020,-0.020,-0.997,-1.485,-1.973,-1.973,-1.485,-0.509,-0.509,-0.997,-1.485,-1.973,-1.485,-0.509,-0.509,-0.997,-1.973,-1.973,-1.485,-1.485,-0.997,-1.485,-1.973,-2.462,-2.950,-2.950,-2.462,-1.485,-0.509,-0.020,-0.020,-0.020,-0.509,-0.020,-0.020,-0.997,-1.485,-1.973,-1.973,-1.485,-1.485,-1.973,-3.438,-3.438,-2.462,-1.485,-0.509,-0.020,-0.509,-0.509,-0.997,-1.485,-1.485,-1.485,-1.485,-1.485,-1.485,-1.973,-1.973,-1.485,-0.997,-0.509,-0.997,-1.973,-1.973,-1.973
54,PO7,14,-5.269,-0.875,1.567,0.590,-2.828,-5.269,-4.781,0.590,6.449,8.891,6.449,0.590,-5.269,-6.246,-2.828,1.078,2.055,-1.363,-6.246,-9.664,-8.687,-5.758,-2.828,-1.363,0.102,2.055,4.496,4.496,1.567,-1.363,-0.875,3.031,7.914,9.379,5.473,-1.851,-6.734,-6.734,-3.805,-1.363,-2.828,-7.222,-10.640,-10.640,-7.222,-3.805,-2.340,-2.828,-3.805,-2.828,-0.875,0.590,0.102,-1.851,-3.805,-3.805,-1.851,0.590,0.590,-2.340,-6.734,-11.129,-12.105,-10.152,-6.246,-2.828,-1.851,-2.340,-2.828,-2.340,-0.875,1.567,3.520,4.985,5.473,5.473,4.985,4.008,2.055,-0.875,-4.293,-6.734,-6.734,-2.828,3.031,7.914,8.403,4.008,-1.851,-4.781,-2.828,2.055,6.449,7.426,4.496,0.590,-1.363,0.590,4.008,6.449,7.426,6.938,5.473,4.985,4.496,4.496,4.985,5.961,7.914,8.891,7.426,4.008,-0.875,-5.758,-8.199,-7.711,-4.781,-1.363,0.102,-0.875,-1.851,-2.340,-1.363,0.102,1.567,2.055,2.543,3.520,5.473,6.938,5.961,4.008,0.590,-0.875,-0.875,0.102,0.102,-1.363,-3.316,-3.805,-2.828,0.102,2.055,2.543,2.055,1.078,0.590,1.567,3.031,5.961,6.449,4.496,0.590,-4.293,-6.246,-4.781,-0.875,2.055,3.520,2.055,0.590,0.102,0.590,1.078,2.543,4.985,7.914,11.332,12.309,10.356,6.449,1.567,-0.875,-0.875,0.590,2.055,3.031,4.008,5.961,8.403,9.379,9.379,7.426,6.449,6.938,7.426,6.938,5.961,4.985,5.961,7.914,8.403,5.961,-0.875,-7.711,-11.129,-9.176,-2.828,4.496,7.914,6.938,3.520,-0.387,-2.828,-3.316,-2.828,-2.828,-1.851,1.078,4.496,8.403,11.332,13.285,15.727,17.680,19.145,17.680,13.285,8.403,5.473,6.449,11.332,16.703,18.656,17.192,13.774,10.356,7.914,5.961,4.008,2.055,1.567,4.008,7.914,9.379,6.938,2.055,-1.363,0.102,4.985,9.379,8.891,4.985,1.078,1.567,4.985,8.403,8.403,4.985,1.567,0.590,1.567,3.031,4.496,5.473,6.449
55,PO8,14,0.682,9.471,13.377,10.935,4.100,-1.272,-3.713,-2.736,-0.783,0.193,1.658,4.100,8.494,11.912,11.424,6.541,-0.295,-4.690,-4.201,0.682,5.564,8.006,6.541,4.100,2.635,2.635,2.146,1.170,0.193,0.682,3.611,7.517,10.447,10.447,9.471,8.494,7.029,4.588,1.170,-0.783,-1.272,0.682,2.635,3.123,2.635,1.658,1.658,1.170,-0.295,-2.248,-3.225,-1.760,1.170,2.146,0.193,-3.225,-4.201,-1.760,3.123,6.541,6.541,2.635,-2.248,-5.178,-4.201,1.170,8.982,16.307,20.701,20.213,14.353,5.564,-2.248,-7.131,-7.619,-4.690,-0.783,2.635,4.100,4.588,4.588,4.588,5.564,7.029,8.494,8.982,8.982,8.982,9.471,9.959,10.447,9.471,8.006,5.564,4.588,6.053,9.959,14.842,18.260,18.260,15.330,12.400,11.424,11.912,9.959,5.564,0.682,0.682,7.517,18.748,27.049,26.560,17.771,6.053,-1.760,-2.248,3.123,8.982,12.400,11.912,8.982,5.564,3.611,4.100,7.517,11.424,14.842,15.818,13.865,11.424,9.471,8.494,8.982,10.447,12.400,12.889,10.447,6.053,2.146,0.682,2.635,5.564,7.029,6.541,5.076,4.100,3.611,4.100,5.076,8.006,11.424,13.377,9.959,3.123,-3.225,-3.713,2.146,8.494,10.447,8.006,5.076,6.541,12.400,16.307,13.865,6.541,-0.295,-0.783,4.588,11.424,15.818,14.353,10.935,8.494,8.982,11.424,11.912,9.959,5.076,1.658,2.146,7.029,13.377,16.795,15.330,11.424,8.494,9.471,13.865,17.771,17.283,11.912,5.564,1.170,1.658,4.588,8.494,9.471,7.517,3.123,-0.295,-0.783,1.658,5.564,8.006,7.029,4.588,2.635,5.076,10.447,15.330,16.307,12.400,6.541,2.635,4.588,11.424,20.213,26.560,29.002,28.025,26.072,24.119,20.213,14.842,8.006,3.123,3.123,7.029,10.935,11.912,8.494,4.100,1.658,4.100,8.982,13.377,16.307,16.307,16.307,16.307,15.818,13.377,10.447,8.006,7.029,7.517,8.494,9.471,10.935,14.842,18.748,19.236,15.330,7.029,-0.295
56,FCZ,14,-0.661,0.804,1.780,2.757,2.757,3.245,3.733,3.245,1.780,0.315,-1.149,-1.638,-2.126,-2.126,-2.126,-2.126,-2.126,-1.638,-1.638,-1.149,-1.149,-1.149,-1.638,-1.638,-1.149,-0.173,1.292,1.780,2.268,2.757,3.733,4.710,5.686,5.686,5.686,5.686,5.686,5.198,4.710,3.733,3.245,2.268,1.780,0.804,0.315,-0.173,-0.661,-0.661,-1.149,-1.149,-1.149,-0.661,-0.661,-0.661,-1.149,-1.149,-0.661,0.315,1.780,2.757,3.245,2.757,2.757,2.268,1.292,0.804,0.315,0.315,0.315,0.315,-0.173,-0.661,-1.638,-2.126,-3.103,-3.103,-3.591,-3.103,-1.638,-1.149,-0.661,-0.173,0.315,0.804,0.315,-0.661,-1.149,-1.149,-0.661,-0.661,-0.661,-0.661,-0.661,-0.173,-0.173,-0.173,-0.173,-0.661,-1.149,-1.149,-0.173,0.315,0.804,0.315,-0.173,-0.173,-0.661,-1.149,-0.661,-0.661,-0.661,-0.661,-1.149,-1.149,-1.149,-0.661,-0.661,-0.173,-0.173,-0.173,-0.661,-0.661,-1.149,-1.149,-1.638,-2.126,-3.103,-3.591,-3.591,-3.103,-2.614,-2.126,-1.638,-2.126,-2.126,-2.126,-2.126,-2.126,-2.126,-2.126,-2.126,-2.126,-2.126,-2.126,-2.126,-2.614,-2.126,-2.614,-3.591,-4.079,-4.567,-4.567,-4.567,-4.079,-4.079,-3.591,-4.079,-4.567,-5.056,-4.567,-4.079,-2.614,-2.614,-2.614,-3.103,-2.614,-2.614,-2.126,-2.126,-2.614,-2.126,-1.638,-1.149,-0.661,-1.149,-2.126,-2.614,-3.103,-2.614,-2.126,-1.149,-0.661,-1.149,-1.149,-2.126,-2.614,-2.614,-2.126,-1.638,-0.661,-0.173,0.315,0.804,1.292,0.804,0.315,-0.173,-0.173,0.315,0.804,0.804,0.804,-0.173,-1.149,-2.126,-2.614,-2.126,-2.126,-1.638,-2.126,-3.103,-4.079,-5.056,-5.056,-5.056,-4.079,-3.103,-2.126,-2.614,-2.614,-3.103,-4.079,-4.079,-3.591,-3.103,-2.614,-2.614,-2.614,-2.614,-3.103,-3.103,-3.591,-4.079,-4.567,-5.056,-5.544,-5.544,-5.056,-5.056,-5.056,-5.056,-5.544,-6.032,-6.032,-6.032,-5.544,-5.544,-5.544,-5.544,-4.567,-3.591,-2.126,-1.149,-0.661,-0.173,-0.173
57,POZ,14,0.326,2.767,4.720,4.232,1.790,-1.628,-3.092,-2.116,0.326,2.767,3.255,3.255,2.279,2.767,3.743,3.743,1.790,-1.139,-3.092,-3.581,-1.628,0.326,2.279,2.767,3.743,4.232,4.720,2.767,-0.651,-4.069,-4.557,-2.116,1.790,4.232,3.255,-0.163,-3.092,-4.557,-4.069,-3.581,-4.557,-6.022,-7.487,-6.510,-4.069,-1.628,-0.651,-0.651,-1.628,-1.628,-0.651,1.302,2.279,1.790,-0.163,-1.139,-1.628,-1.628,-2.116,-3.581,-5.534,-6.999,-6.999,-6.510,-6.022,-4.069,-1.628,2.279,5.208,6.185,4.720,1.302,-2.116,-3.092,-1.628,1.302,2.767,2.767,0.326,-3.092,-5.046,-5.046,-3.581,-0.651,2.279,3.743,3.743,1.790,-0.163,-1.628,-1.628,0.326,2.279,3.255,2.279,1.302,1.790,3.743,6.673,8.138,7.650,6.185,5.208,5.208,5.208,4.720,4.232,4.720,7.650,11.068,13.509,11.556,7.161,2.279,-0.651,-0.163,2.279,4.720,5.697,5.697,4.232,2.767,1.302,1.302,1.790,3.743,6.185,8.626,9.603,9.115,7.161,4.720,3.743,3.743,4.720,5.697,5.208,3.743,1.302,-0.651,-0.163,1.790,4.232,5.208,4.232,2.767,1.302,2.279,4.232,7.161,8.626,7.650,4.232,-0.163,-3.092,-3.092,-0.651,2.279,2.767,2.279,1.302,1.790,3.743,5.697,5.697,4.720,2.767,3.255,4.720,6.185,6.185,4.232,2.279,1.790,2.767,4.720,5.208,4.232,3.255,2.767,4.232,5.697,7.161,7.161,6.185,5.208,4.720,4.720,6.185,7.161,7.650,6.185,2.767,-0.651,-3.092,-3.092,-0.651,1.302,2.767,1.790,0.326,-0.163,0.326,1.302,2.279,1.302,-0.163,-1.139,0.814,4.720,8.626,10.579,10.091,8.626,7.650,7.650,9.115,11.068,12.044,12.533,13.021,13.997,14.974,14.974,13.021,9.115,5.697,3.743,3.743,4.232,4.232,4.232,3.743,5.208,6.673,8.138,8.626,7.650,7.161,8.138,10.091,11.556,11.068,8.626,6.185,4.720,5.208,6.673,6.673,6.673,6.185,6.185,6.185,5.697,4.232,2.279
58,OZ,14,1.180,4.110,6.063,5.086,2.645,-0.773,-2.238,-2.238,-0.285,1.668,2.645,2.645,3.133,4.110,4.598,3.133,-0.285,-4.679,-7.121,-6.632,-4.679,-3.215,-2.726,-1.750,0.203,3.621,6.063,6.063,2.645,0.203,0.203,3.133,6.551,7.528,5.086,1.180,-1.750,-2.238,-1.261,-1.261,-2.726,-4.679,-6.144,-5.656,-4.679,-2.726,-2.238,-2.726,-3.703,-4.679,-4.191,-3.703,-2.726,-2.238,-2.238,-2.726,-3.703,-4.679,-5.656,-6.632,-6.632,-6.632,-6.632,-7.121,-7.121,-5.168,-1.261,4.110,8.016,8.016,4.110,-1.261,-5.168,-4.679,-1.261,2.645,4.110,2.157,-1.750,-5.168,-6.144,-4.191,-0.773,3.133,5.086,5.575,4.110,2.157,1.180,1.180,2.157,3.133,3.133,1.668,0.203,-0.285,1.180,4.598,8.016,10.946,11.434,9.969,7.528,4.598,2.157,1.668,3.133,5.575,8.993,11.434,11.922,9.969,6.063,2.157,-1.261,-2.726,-1.750,0.203,2.157,3.133,2.645,0.203,-2.238,-3.215,-2.238,1.180,4.598,6.551,6.063,4.110,2.157,2.157,3.133,4.598,5.086,3.621,0.692,-1.261,-1.750,-0.773,0.692,2.157,2.645,1.180,0.203,-0.773,-1.261,-0.773,0.203,2.645,4.598,4.598,2.645,-0.773,-3.215,-3.703,-2.238,0.203,1.180,1.668,1.668,2.157,3.621,4.598,5.086,5.086,5.575,7.039,7.039,5.575,3.621,1.668,2.645,5.575,8.016,8.504,6.551,3.621,3.133,4.598,7.039,7.528,7.039,5.086,3.621,4.110,5.575,7.039,8.504,8.993,8.016,5.086,0.203,-3.703,-4.679,-2.726,1.180,2.645,1.668,-0.773,-2.238,-0.773,1.180,2.645,0.692,-3.215,-5.656,-4.191,0.203,5.575,8.504,9.481,8.504,8.504,9.969,12.410,14.852,16.317,17.782,18.270,18.270,18.270,17.782,16.317,13.875,10.946,7.528,5.086,4.110,4.598,4.598,3.621,2.157,1.180,1.180,3.133,5.575,7.528,8.993,9.969,10.457,9.969,7.528,4.598,2.645,2.645,4.110,5.575,5.575,4.598,4.598,6.063,7.039,7.039,4.110,0.692
59,P2,14,0.427,1.892,3.357,3.845,2.380,-0.061,-2.014,-2.014,-0.549,1.892,3.357,4.333,4.333,3.357,3.357,2.869,1.892,0.427,-0.549,-0.549,0.916,2.869,4.333,4.333,4.333,3.357,2.380,-0.061,-2.014,-3.479,-3.479,-1.526,0.427,1.404,0.427,-1.038,-2.502,-2.991,-2.991,-2.502,-3.479,-3.967,-4.456,-3.967,-2.502,-1.038,0.427,0.916,0.427,0.427,0.427,1.404,2.380,2.869,1.892,1.404,0.916,0.427,0.427,-0.549,-2.502,-3.479,-3.479,-2.502,-1.526,0.427,2.380,4.333,6.287,6.775,5.310,2.869,0.427,-1.038,-1.038,-0.061,1.404,1.404,0.916,-0.061,-1.038,-0.549,0.427,2.380,3.357,3.845,2.869,1.892,0.427,-0.061,0.427,1.404,2.380,2.869,2.380,2.380,2.869,4.822,6.287,6.775,5.798,4.333,3.357,3.357,3.357,2.380,1.404,1.404,3.357,7.263,10.193,10.193,7.263,3.357,1.404,1.404,2.869,3.845,3.845,3.357,2.380,1.404,0.427,-0.549,-1.038,-0.061,1.892,4.333,5.310,4.822,3.357,2.380,1.892,2.869,4.333,5.310,5.310,3.357,0.916,-0.549,-0.549,0.916,1.892,1.892,0.916,-0.061,-1.038,-0.061,1.892,4.333,6.287,5.310,2.869,-1.038,-3.479,-3.479,-1.526,-0.061,-0.061,-0.549,-0.549,0.427,2.380,3.845,3.357,1.404,-0.549,-1.038,-0.061,0.916,1.404,0.427,-0.549,-1.038,-0.061,0.916,0.916,-0.061,-2.014,-3.479,-3.479,-2.991,-1.526,-0.549,-0.549,-1.038,-1.526,-0.549,0.916,1.892,1.892,0.427,-2.502,-4.944,-6.409,-5.432,-3.479,-1.526,-1.038,-2.502,-4.456,-5.432,-4.456,-2.991,-2.014,-2.014,-3.479,-4.456,-3.479,-1.038,1.404,2.869,1.892,-0.061,-2.502,-3.479,-2.502,-0.549,1.404,2.869,3.357,3.357,3.357,3.357,1.892,-0.061,-2.502,-3.967,-3.479,-2.991,-2.991,-3.479,-3.967,-3.479,-2.014,-0.061,0.916,0.916,0.916,0.916,1.892,2.869,2.869,1.892,-0.061,-1.526,-2.502,-2.502,-2.014,-1.526,-1.038,-1.038,-1.038,-1.526,-2.991,-5.432
60,P1,14,-0.814,0.651,1.628,1.628,0.163,-1.790,-3.255,-2.279,-0.326,2.116,3.092,2.116,0.163,-0.814,-0.814,0.163,1.139,0.163,-1.302,-2.767,-2.767,-1.302,0.651,2.116,3.092,3.581,3.092,1.628,-0.814,-3.743,-5.208,-4.720,-3.255,-2.767,-3.743,-6.185,-8.626,-9.603,-8.626,-7.161,-6.673,-7.161,-8.138,-8.626,-7.161,-5.208,-3.255,-1.790,-1.302,-0.814,-0.814,0.163,0.651,1.139,0.651,0.651,-0.326,-0.814,-2.279,-4.720,-6.673,-9.115,-10.091,-10.091,-9.115,-7.161,-5.208,-2.767,-1.302,-0.326,0.163,-0.814,-1.302,-1.302,-0.326,0.651,0.651,-0.326,-2.767,-5.697,-8.138,-9.115,-7.650,-5.208,-1.790,0.163,0.163,-1.790,-4.720,-6.185,-6.185,-4.232,-1.790,-0.814,-1.302,-2.767,-3.743,-3.255,-1.302,0.651,1.139,0.163,-1.302,-2.279,-2.279,-1.790,-0.814,0.163,1.628,3.092,3.581,2.116,-0.814,-3.743,-5.208,-5.208,-3.743,-2.279,-1.790,-1.790,-2.767,-3.255,-2.767,-2.767,-1.790,-1.302,0.163,1.628,3.092,3.581,2.116,0.651,-1.790,-2.279,-1.790,0.163,1.139,0.651,-1.302,-2.767,-3.255,-1.790,-0.326,0.651,0.163,-0.814,-1.790,-2.279,-0.814,0.651,2.116,1.628,-0.326,-2.767,-4.720,-5.208,-4.232,-3.255,-2.767,-3.255,-3.255,-3.255,-2.767,-1.790,-1.302,-0.814,-0.814,-0.814,-0.326,-0.814,-1.790,-3.743,-4.720,-4.720,-4.232,-3.255,-2.767,-2.767,-2.279,-1.790,-0.326,0.651,1.139,1.139,0.163,-0.814,-1.790,-1.302,-0.814,0.163,0.163,-0.326,-2.279,-4.720,-7.161,-8.626,-7.650,-6.185,-3.743,-3.255,-3.255,-3.743,-3.743,-2.767,-2.767,-3.255,-4.720,-5.697,-5.208,-2.767,-0.814,1.628,2.604,2.604,1.628,0.651,0.163,0.163,0.651,1.628,3.092,4.557,5.534,5.534,5.046,3.092,1.139,-0.326,-1.302,-2.279,-2.279,-2.279,-0.814,1.139,3.092,3.581,2.604,1.139,0.651,1.628,3.581,5.046,4.069,2.116,0.651,0.163,1.139,1.628,1.139,-0.814,-2.279,-2.767,-1.790,-0.814,-0.326,-0.326
61,CPZ,14,-0.041,-0.529,-0.529,-0.529,-1.017,-1.994,-2.482,-2.482,-1.506,-0.041,0.936,1.424,0.936,-0.041,-0.529,-0.529,-0.529,-0.529,-1.017,-1.017,-1.506,-0.529,-0.041,-0.041,-0.041,-1.017,-1.994,-2.970,-3.947,-4.435,-4.435,-3.947,-3.459,-3.459,-3.947,-4.924,-5.412,-5.412,-5.412,-4.924,-4.924,-4.435,-3.947,-3.947,-3.459,-2.482,-1.506,-0.529,-0.041,-0.041,-0.041,-0.041,-0.041,-0.041,-0.041,-0.529,-0.529,-1.506,-2.482,-3.459,-4.435,-4.924,-4.924,-4.435,-3.459,-2.970,-1.994,-1.017,-0.041,0.936,0.448,-0.041,-0.529,-0.529,-0.041,0.448,0.448,-0.041,-0.529,-1.994,-2.970,-4.435,-3.459,-2.482,-1.506,-0.529,-1.017,-1.506,-2.482,-2.970,-2.482,-1.994,-1.017,-0.529,-1.017,-1.506,-1.506,-1.017,-0.529,-0.041,-0.529,-1.017,-1.994,-2.482,-2.482,-2.482,-1.994,-1.017,-0.041,0.936,1.912,1.912,0.448,-0.041,-0.041,-0.041,-0.041,-0.529,-1.017,-1.017,-1.017,-1.017,-1.506,-1.506,-1.506,-1.506,-0.529,0.448,1.424,0.936,0.448,-0.529,-1.017,-1.017,-0.041,0.936,1.424,0.936,0.448,-0.529,-1.017,-0.529,-0.041,0.448,0.448,0.448,0.448,-0.041,0.448,0.936,1.912,1.912,1.424,-0.041,-1.017,-1.506,-1.017,-0.041,-0.041,-0.529,-1.017,-1.017,-0.529,-0.529,-0.529,-1.017,-1.506,-1.506,-1.017,-1.017,-1.017,-1.017,-1.506,-1.994,-1.994,-1.506,-1.506,-1.506,-1.506,-1.994,-1.994,-1.994,-1.506,-1.506,-1.506,-1.994,-1.994,-1.994,-1.506,-1.506,-1.994,-2.482,-3.459,-4.435,-5.412,-4.924,-4.435,-3.947,-3.947,-4.435,-4.924,-4.924,-3.947,-2.970,-2.482,-2.482,-3.459,-3.947,-3.947,-2.970,-1.994,-1.506,-1.017,-1.017,-1.994,-2.482,-2.970,-2.482,-1.994,-1.017,-0.529,0.448,-0.041,-0.041,-1.017,-1.506,-1.994,-2.482,-2.482,-2.482,-1.994,-1.994,-1.994,-1.017,-0.041,0.448,0.936,0.448,-0.041,0.448,0.936,1.912,1.912,1.424,0.448,0.448,-0.041,-0.041,-0.041,-0.041,-0.529,-1.017,-1.506,-2.482,-2.482,-2.970
62,nd,14,-4.161,-3.672,-3.672,-3.672,-2.696,-0.743,1.699,3.652,4.140,2.187,-0.743,-2.696,-4.649,-5.137,-4.649,-4.161,-5.137,-7.090,-10.020,-12.950,-14.903,-14.903,-13.438,-10.997,-8.067,-6.114,-4.161,-1.231,1.699,5.117,9.511,13.418,16.347,16.347,13.418,8.535,3.652,1.211,0.722,2.675,3.652,2.675,-0.254,-3.672,-5.137,-5.137,-4.161,-3.672,-4.649,-5.625,-5.625,-4.161,-2.207,-0.743,-0.254,-1.231,-1.719,-1.231,0.722,3.652,5.605,6.582,6.093,4.628,3.164,2.187,2.675,4.628,6.093,7.558,7.558,6.582,4.628,2.675,1.211,0.722,1.211,2.187,3.164,3.652,4.140,6.093,8.535,10.488,10.000,7.558,5.117,3.652,3.652,4.628,4.140,3.652,2.187,3.652,6.093,9.511,10.976,10.976,10.000,9.511,10.000,10.976,10.976,10.000,8.046,6.582,6.093,6.582,6.093,4.140,1.699,-0.254,-1.231,-0.254,0.722,0.234,-0.254,-1.231,-0.254,2.187,4.140,4.628,3.164,0.722,-0.254,-0.254,1.211,2.187,1.699,1.211,0.722,1.211,2.675,4.140,3.652,2.675,1.699,2.675,4.140,5.117,4.628,2.675,1.699,1.699,3.164,4.140,2.675,-0.254,-3.184,-4.161,-3.184,-0.254,2.187,3.164,2.187,0.722,-0.743,-1.719,-2.696,-3.184,-3.672,-3.184,-2.696,-2.696,-2.207,-1.719,-0.743,-0.254,0.234,0.234,0.722,3.164,6.093,8.535,9.023,7.558,5.117,3.164,3.164,5.117,6.582,7.558,8.046,7.558,6.582,6.582,8.046,10.488,13.418,15.859,17.324,16.836,14.882,12.929,12.929,14.394,17.324,19.277,19.765,18.300,16.836,16.836,17.812,18.789,18.300,15.859,14.394,14.882,16.836,18.789,18.300,14.882,9.511,5.605,4.628,6.582,10.000,11.953,11.953,10.488,9.511,10.000,10.976,12.929,14.394,14.394,14.394,13.906,13.418,12.441,10.488,7.070,2.675,-1.719,-4.161,-4.161,-2.207,0.722,4.628,8.046,9.023,8.535,5.605,2.187,-0.743,-2.207,-2.207,-1.231,0.722,4.140,7.558,10.488,12.441,12.929,12.441,10.976
63,Y,14,-6.510,-5.534,-6.022,-6.510,-6.022,-4.069,-0.651,1.302,1.790,0.814,-1.139,-2.116,-2.116,-1.628,-1.628,-2.604,-4.557,-6.999,-9.928,-12.370,-14.323,-15.299,-14.323,-12.858,-9.928,-6.510,-3.581,-0.651,1.790,3.743,6.673,10.091,13.021,14.974,13.997,10.091,4.720,0.326,-0.163,1.302,3.255,2.767,-0.163,-4.557,-6.510,-6.022,-4.557,-3.581,-4.557,-6.510,-7.487,-6.510,-3.581,-2.604,-2.604,-4.557,-5.046,-3.581,-0.651,1.790,3.255,3.255,3.743,3.743,3.743,3.743,4.232,5.208,7.161,8.626,9.603,9.603,9.115,8.626,8.138,7.161,6.673,6.185,6.185,6.185,6.673,8.626,11.068,13.509,15.462,15.951,14.974,13.021,11.068,9.603,8.626,8.138,8.138,8.138,9.115,11.556,13.997,16.439,17.904,18.392,17.415,15.462,12.044,8.626,5.697,4.232,5.697,8.138,10.579,11.068,9.603,6.673,4.232,2.279,1.302,1.302,0.814,0.814,1.302,2.279,3.743,5.208,5.697,5.208,3.743,3.743,3.743,4.232,5.208,5.697,6.185,6.673,7.650,7.650,6.673,5.208,4.232,5.208,7.161,9.603,10.579,10.579,9.115,8.626,8.138,8.626,7.650,5.697,4.232,2.767,3.255,4.232,5.697,6.185,6.673,5.697,4.232,2.767,2.767,3.743,5.697,6.673,7.161,7.161,7.650,9.115,11.556,12.044,11.068,9.115,7.650,7.650,9.603,12.533,14.486,14.974,13.509,12.044,11.068,10.579,11.068,12.044,13.021,13.021,12.044,11.556,12.533,14.486,16.927,17.904,15.951,12.044,8.138,5.208,4.232,5.697,7.161,7.650,7.650,7.161,7.650,9.603,11.556,12.533,12.044,11.556,12.044,14.486,16.927,18.880,18.880,16.927,14.486,11.556,9.603,8.626,8.138,8.626,9.603,11.068,12.044,12.533,13.509,15.951,18.392,20.345,20.345,18.880,17.415,15.462,13.997,12.533,10.579,8.626,7.650,7.650,8.626,10.579,13.021,14.974,14.486,12.533,10.091,8.138,8.626,10.579,13.021,13.509,12.533,11.556,11.556,13.509,16.439,19.857,20.833,19.857
